       -5.500000000000000000000000000000    0.000000000000000000000000000000E+00
       -5.490000000000000213162820728030    9.999999999999999547481118258863E-08
       -5.480000000000000426325641456060    2.011670560000000085965976906466E-07
       -5.470000000000000639488462184090    3.046730330800185988275271577186E-07
       -5.460000000000000852651282912120    4.117080500891243757561211574769E-07
       -5.450000000000001065814103640150    5.234939309714286822120877552822E-07
       -5.440000000000001278976924368180    6.412978143251514009069713662115E-07
       -5.430000000000001492139745096210    7.664460711157388192511937495544E-07
       -5.420000000000001705302565824240    9.003386804738427278674197523634E-07
       -5.410000000000001918465386552271    1.044464215152287431980816789778E-06
       -5.400000000000002131628207280301    1.200415591460372457903709592086E-06
       -5.390000000000002344791028008331    1.369906743324280853105158126115E-06
       -5.380000000000002557953848736361    1.554790386541259967812010980848E-06
       -5.370000000000002771116669464391    1.757077047321257087412549671712E-06
       -5.360000000000002984279490192421    1.978955538877377790836628243532E-06
       -5.350000000000003197442310920451    2.222815081186025897198735648552E-06
       -5.340000000000003410605131648481    2.491269272154567524613999821015E-06
       -5.330000000000003623767952376511    2.787182133390025699830544816948E-06
       -5.320000000000003836930773104541    3.113696470653541024221173591502E-06
       -5.310000000000004050093593832571    3.474264808025158314807060919160E-06
       -5.300000000000004263256414560601    3.872683175921326050928673867535E-06
       -5.290000000000004476419235288631    4.313128056549919589566371991296E-06
       -5.280000000000004689582056016661    4.800196816319082923282812735977E-06
       -5.270000000000004902744876744691    5.338951983319771064213053735070E-06
       -5.260000000000005115907697472721    5.934969759480435418531191205105E-06
       -5.250000000000005329070518200751    6.594393191569533404909099483238E-06
       -5.240000000000005542233338928781    7.323990463143128574444347400618E-06
       -5.230000000000005755396159656812    8.131218811070237576584147920489E-06
       -5.220000000000005968558980384842    9.024294615712111388068118744687E-06
       -5.210000000000006181721801112872    1.001227026350459961762714294897E-05
       -5.200000000000006394884621840902    1.110511843494514090224366958948E-05
       -5.190000000000006608047442568932    1.231382453019851614197961026109E-05
       -5.180000000000006821210263296962    1.365048800912201257620488120681E-05
       -5.170000000000007034373084024992    1.512843349292040274610849498460E-05
       -5.160000000000007247535904753022    1.676233255136125153582013491693E-05
       -5.150000000000007460698725481052    1.856833718303994824145794484416E-05
       -5.140000000000007673861546209082    2.056422608715334076224384718401E-05
       -5.130000000000007887024366937112    2.276956492424057079898905286974E-05
       -5.120000000000008100187187665142    2.520588187104968222029127700168E-05
       -5.110000000000008313350008393172    2.789685989181365643064386405925E-05
       -5.100000000000008526512829121202    3.086854727555302422377023208178E-05
       -5.090000000000008739675649849232    3.414958812741097676952961581520E-05
       -5.080000000000008952838470577262    3.777147465238509920762086102819E-05
       -5.070000000000009166001291305292    4.176882323313480243221623711136E-05
       -5.060000000000009379164112033322    4.617967648088083337755069268660E-05
       -5.050000000000009592326932761353    5.104583363092245391380574748297E-05
       -5.040000000000009805489753489383    5.641321186321944259342911487387E-05
       -5.030000000000010018652574217413    6.233224135515600685363002408934E-05
       -5.020000000000010231815394945443    6.885829711946426937366205756064E-05
       -5.010000000000010444978215673473    7.605217094688783993974845465402E-05
       -5.000000000000010658141036401503    8.398058706218485404242091174609E-05
       -4.990000000000010871303857129533    9.271676541530428318146905830588E-05
       -4.980000000000011084466677857563    1.023410368689601297916003108668E-04
       -4.970000000000011297629498585593    1.129415149114601241847610779701E-04
       -4.960000000000011510792319313623    1.246148289217646938382283439140E-04
       -4.950000000000011723955140041653    1.374669244447718056446883228006E-04
       -4.940000000000011937117960769683    1.516139364013407585165399416027E-04
       -4.930000000000012150280781497713    1.671831416623713968336306656681E-04
       -4.920000000000012363443602225743    1.843139979623445391578723251413E-04
       -4.910000000000012576606422953773    2.031592767183241013406735930857E-04
       -4.900000000000012789769243681803    2.238862979589794201338431856030E-04
       -4.890000000000013002932064409833    2.466782762584218582739559177952E-04
       -4.880000000000013216094885137863    2.717357873155459282651924546315E-04
       -4.870000000000013429257705865894    2.992783656253967020620387895491E-04
       -4.860000000000013642420526593924    3.295462445594400874640528265047E-04
       -4.850000000000013855583347321954    3.628022511114017598608805226235E-04
       -4.840000000000014068746168049984    3.993338685798378077940196106965E-04
       -4.830000000000014281908988778014    4.394554815534518449164635978121E-04
       -4.820000000000014495071809506044    4.835108187464243201247882097960E-04
       -4.810000000000014708234630234074    5.318756105051527377503006732695E-04
       -4.800000000000014921397450962104    5.849604791817479207405305885459E-04
       -4.790000000000015134560271690134    6.432140820508123503496111794675E-04
       -4.780000000000015347723092418164    7.071265280423801990322685284696E-04
       -4.770000000000015560885913146194    7.772330912839270355974008452904E-04
       -4.760000000000015774048733874224    8.541182462971212176194857335076E-04
       -4.750000000000015987211554602254    9.384200516902119291323680627670E-04
       -4.740000000000016200374375330284    1.030834911334987296152587710196E-03
       -4.730000000000016413537196058314    1.132122744329173329516646795412E-03
       -4.720000000000016626700016786344    1.243112597532801443314665057471E-03
       -4.710000000000016839862837514374    1.364708737143083402618137789375E-03
       -4.700000000000017053025658242404    1.497897258650153799394710851800E-03
       -4.690000000000017266188478970435    1.643753257610067143243415266340E-03
       -4.680000000000017479351299698465    1.803448606996972463853423640501E-03
       -4.670000000000017692514120426495    1.978260390469782289968314614725E-03
       -4.660000000000017905676941154525    2.169580044727322486186604777458E-03
       -4.650000000000018118839761882555    2.378923268248430214488742251433E-03
       -4.640000000000018332002582610585    2.607940758139536824300463990767E-03
       -4.630000000000018545165403338615    2.858429841562927856135623017053E-03
       -4.620000000000018758328224066645    3.132347073316543543952672479236E-03
       -4.610000000000018971491044794675    3.431821876604646340269688664648E-03
       -4.600000000000019184653865522705    3.759171309903282243158884057266E-03
       -4.590000000000019397816686250735    4.116916049112124935394074753958E-03
       -4.580000000000019610979506978765    4.507797680923629132787588957854E-03
       -4.570000000000019824142327706795    4.934797410561859130895268066297E-03
       -4.560000000000020037305148434825    5.401156294779146244122713937941E-03
       -4.550000000000020250467969162855    5.910397119283203500039736155713E-03
       -4.540000000000020463630789890885    6.466348048636841316927359457623E-03
       -4.530000000000020676793610618915    7.073168186165574612689344036198E-03
       -4.520000000000020889956431346945    7.735375191566168373569212235452E-03
       -4.510000000000021103119252074976    8.457875114774915381588016316528E-03
       -4.500000000000021316282072803006    9.245994616274132854583100993295E-03
       -4.490000000000021529444893531036    1.010551575643785227054394226798E-02
       -4.480000000000021742607714259066    1.104271354979437930188268524034E-02
       -4.470000000000021955770534987096    1.206439649426913410246164914952E-02
       -4.460000000000022168933355715126    1.317795030062361011369276297955E-02
       -4.450000000000022382096176443156    1.439138506348663221201533701787E-02
       -4.440000000000022595258997171186    1.571338613264698993998713660858E-02
       -4.430000000000022808421817899216    1.715336896171026914714730082778E-02
       -4.420000000000023021584638627246    1.872153823088964705312342573507E-02
       -4.410000000000023234747459355276    2.042895156167662262802764416847E-02
       -4.400000000000023447910280083306    2.228758816350375274173423179036E-02
       -4.390000000000023661073100811336    2.431042277635257764512033418214E-02
       -4.380000000000023874235921539366    2.651150529866526731059828136949E-02
       -4.370000000000024087398742267396    2.890604651698316929220311521931E-02
       -4.360000000000024300561562995426    3.151051038255857361658485160660E-02
       -4.350000000000024513724383723456    3.434271331087287992822609794530E-02
       -4.340000000000024726887204451486    3.742193101265550714273899757245E-02
       -4.330000000000024940050025179517    4.076901339974949023403638648233E-02
       -4.320000000000025153212845907547    4.440650814613471275560385720382E-02
       -4.310000000000025366375666635577    4.835879352372658701586516372117E-02
       -4.300000000000025579538487363607    5.265222117435224002957028233141E-02
       -4.290000000000025792701308091637    5.731526952371068794889197306475E-02
       -4.280000000000026005864128819667    6.237870859029709391663232054270E-02
       -4.270000000000026219026949547697    6.787577699237146156008293473860E-02
       -4.260000000000026432189770275727    7.384237200924395616574713585578E-02
       -4.250000000000026645352591003757    8.031725360960487170025601244561E-02
       -4.240000000000026858515411731787    8.734226341952955330327768024290E-02
       -4.230000000000027071678232459817    9.496255966632585754361173258076E-02
       -4.220000000000027284841053187847    1.032268692017648537007090681072E-01
       -4.210000000000027498003873915877    1.121877577796521474606805668373E-01
       -4.200000000000027711166694643907    1.219019198383751168002220310882E-01
       -4.190000000000027924329515371937    1.324304891192311095515776742104E-01
       -4.180000000000028137492336099967    1.438393715362387137446376073058E-01
       -4.170000000000028350655156827997    1.561996018030121780029162437131E-01
       -4.160000000000028563817977556027    1.695877254173946413473572647490E-01
       -4.150000000000028776980798284058    1.840862077051749756684273506835E-01
       -4.140000000000028990143619012088    1.997838717306366640436010584381E-01
       -4.130000000000029203306439740118    2.167763669942040505311808828992E-01
       -4.120000000000029416469260468148    2.351666709563688395512315310043E-01
       -4.110000000000029629632081196178    2.550656255527197213694989841315E-01
       -4.100000000000029842794901924208    2.765925109975983509080776912015E-01
       -4.090000000000030055957722652238    2.998756593140078363646239267837E-01
       -4.080000000000030269120543380268    3.250531101752775486879443178623E-01
       -4.070000000000030482283364108298    3.522733118000083152310253353789E-01
       -4.060000000000030695446184836328    3.816958698063828703261890495924E-01
       -4.050000000000030908609005564358    4.134923471054312571482114435639E-01
       -4.040000000000031121771826292388    4.478471180957148134460510391364E-01
       -4.030000000000031334934647020418    4.849582806145692481791797945334E-01
       -4.020000000000031548097467748448    5.250386293039832619200524277403E-01
       -4.010000000000031761260288476478    5.683166942628553597316454215616E-01
       -4.000000000000031974423109204508    6.150378490822496768686278301175E-01
       -3.990000000000032187585929932538    6.654654925968673806480069288227E-01
       -3.980000000000032400748750660568    7.198823089347865522569236418349E-01
       -3.970000000000032613911571388599    7.785916107091298554720992797229E-01
       -3.960000000000032827074392116629    8.419187704702535413048281043302E-01
       -3.950000000000033040237212844659    9.102127458258896242071500637394E-01
       -3.940000000000033253400033572689    9.838477039399926571405785580282E-01
       -3.930000000000033466562854300719    1.063224751439463044988542606006E+00
       -3.920000000000033679725675028749    1.148773776092049780928050495277E+00
       -3.910000000000033892888495756779    1.240955406969232566183336530230E+00
       -3.900000000000034106051316484809    1.340263100175395516444609711471E+00
       -3.890000000000034319214137212839    1.447225357609804419212196080480E+00
       -3.880000000000034532376957940869    1.562408086631494663620856044872E+00
       -3.870000000000034745539778668899    1.686417108919859852989020509995E+00
       -3.860000000000034958702599396929    1.819900827266242915314364836377E+00
       -3.850000000000035171865420124959    1.963553059494893560099626483861E+00
       -3.840000000000035385028240852989    2.118116049196055783454539778177E+00
       -3.830000000000035598191061581019    2.284383663460433311342967499513E+00
       -3.820000000000035811353882309049    2.463204788333645645082015107619E+00
       -3.810000000000036024516703037079    2.655486933262335647043528297218E+00
       -3.800000000000036237679523765109    2.862200056381146495709799637552E+00
       -3.790000000000036450842344493140    3.084380623092643602944917802233E+00
       -3.780000000000036664005165221170    3.323135911021291022393597813789E+00
       -3.770000000000036877167985949200    3.579648575078635097668211528799E+00
       -3.760000000000037090330806677230    3.855181487060745482153834018391E+00
       -3.750000000000037303493627405260    4.151082864911593617307516979054E+00
       -3.740000000000037516656448133290    4.468791707528284362638260063250E+00
       -3.730000000000037729819268861320    4.809843551756751267589606868569E+00
       -3.720000000000037942982089589350    5.175876569030590346187636896502E+00
       -3.710000000000038156144910317380    5.568638019941966277315259503666E+00
       -3.700000000000038369307731045410    5.989991085902932610451898653992E+00
       -3.690000000000038582470551773440    6.441922097958860504718359152321E+00
       -3.680000000000038795633372501470    6.926548183753885368219016527291E+00
       -3.670000000000039008796193229500    7.446125354622203929011448053643E+00
       -3.660000000000039221959013957530    8.003057055789534857126454880927E+00
       -3.650000000000039435121834685560    8.599903203716912969412078382447E+00
       -3.640000000000039648284655413590    9.239389735705090700434993777890E+00
       -3.630000000000039861447476141620    9.924418698002916983114118920639E+00
       -3.620000000000040074610296869650    1.065807889982795053640529658878E+01
       -3.610000000000040287773117597681    1.144365716191298076864768518135E+01
       -3.600000000000040500935938325711    1.228465018943886200020187970949E+01
       -3.590000000000040714098759053741    1.318477710050263596031072665937E+01
       -3.580000000000040927261579781771    1.414799264260123301539806561777E+01
       -3.570000000000041140424400509801    1.517850113098539210909621033352E+01
       -3.560000000000041353587221237831    1.628077114415667381308594485745E+01
       -3.550000000000041566750041965861    1.745955101324281244501435139682E+01
       -3.540000000000041779912862693891    1.871988514349385468449327163398E+01
       -3.530000000000041993075683421921    2.006713120769370917173546331469E+01
       -3.520000000000042206238504149951    2.150697825287934250582111417316E+01
       -3.510000000000042419401324877981    2.304546576340311858643872255925E+01
       -3.500000000000042632564145606011    2.468900372506278984019445488229E+01
       -3.490000000000042845726966334041    2.644439373675863080848102981690E+01
       -3.480000000000043058889787062071    2.831885121791785309142142068595E+01
       -3.470000000000043272052607790101    3.032002876175296179894758097362E+01
       -3.460000000000043485215428518131    3.245604068629273797341738827527E+01
       -3.450000000000043698378249246161    3.473548883704151535312121268362E+01
       -3.440000000000043911541069974191    3.716748969708437755343766184524E+01
       -3.430000000000044124703890702222    3.976170286246161822418798692524E+01
       -3.420000000000044337866711430252    4.252836094268525357620092108846E+01
       -3.410000000000044551029532158282    4.547830094836193381979683181271E+01
       -3.400000000000044764192352886312    4.862299723001989093518204754218E+01
       -3.390000000000044977355173614342    5.197459603441092212960938923061E+01
       -3.380000000000045190517994342372    5.554595174677082525249716127291E+01
       -3.370000000000045403680815070402    5.935066488977119547598704230040E+01
       -3.360000000000045616843635798432    6.340312195218105273397668497637E+01
       -3.350000000000045830006456526462    6.771853712257538404628576245159E+01
       -3.340000000000046043169277254492    7.231299600577848707416706020012E+01
       -3.330000000000046256332097982522    7.720350140210942413432348985225E+01
       -3.320000000000046469494918710552    8.240802123190324834922648733482E+01
       -3.310000000000046682657739438582    8.794553869021180503295909147710E+01
       -3.300000000000046895820560166612    9.383610471903834593376814154908E+01
       -3.290000000000047108983380894642    1.001008928869286194185406202450E+02
       -3.280000000000047322146201622672    1.067622567682226275564971729182E+02
       -3.270000000000047535309022350702    1.138437899167633702290913788602E+02
       -3.260000000000047748471843078732    1.213703885313563120007529505529E+02
       -3.250000000000047961634663806763    1.293683169127719736479775747284E+02
       -3.240000000000048174797484534793    1.378652758145796610733668785542E+02
       -3.230000000000048387960305262823    1.468904737925874712800577981398E+02
       -3.220000000000048601123125990853    1.564747016601361906396050471812E+02
       -3.210000000000048814285946718883    1.666504101589482900180883007124E+02
       -3.200000000000049027448767446913    1.774517909576611600641626864672E+02
       -3.190000000000049240611588174943    1.889148610925686000427958788350E+02
       -3.180000000000049453774408902973    2.010775509674518843894475139678E+02
       -3.170000000000049666937229631003    2.139797960316914497980178566650E+02
       -3.160000000000049880100050359033    2.276636322581082936267193872482E+02
       -3.150000000000050093262871087063    2.421732955441782166872144443914E+02
       -3.140000000000050306425691815093    2.575553251623892379029712174088E+02
       -3.130000000000050519588512543123    2.738586713875581608590437099338E+02
       -3.120000000000050732751333271153    2.911348074308830859990848693997E+02
       -3.110000000000050945914153999183    3.094378458123704831450595520437E+02
       -3.100000000000051159076974727213    3.288246593050312753803154919297E+02
       -3.090000000000051372239795455243    3.493550065858777315952465869486E+02
       -3.080000000000051585402616183273    3.710916627302649999364803079516E+02
       -3.070000000000051798565436911304    3.941005546874902165654930286109E+02
       -3.060000000000052011728257639334    4.184509018767830070828495081514E+02
       -3.050000000000052224891078367364    4.442153620438782581913983449340E+02
       -3.040000000000052438053899095394    4.714701825192452702140144538134E+02
       -3.030000000000052651216719823424    5.002953570197402086705551482737E+02
       -3.020000000000052864379540551454    5.307747881359423445246648043394E+02
       -3.010000000000053077542361279484    5.629964556477133328371564857662E+02
       -3.000000000000053290705182007514    5.970525908105669259384740144014E+02
       -2.990000000000053503868002735544    6.330398567552418853665585629642E+02
       -2.980000000000053717030823463574    6.710595351424210548429982736707E+02
       -2.970000000000053930193644191604    7.112177192138107102437061257660E+02
       -2.960000000000054143356464919634    7.536255133797824328212300315499E+02
       -2.950000000000054356519285647664    7.983992394824587108814739622176E+02
       -2.940000000000054569682106375694    8.456606498714841109176632016897E+02
       -2.930000000000054782844927103724    8.955371474277461629753815941513E+02
       -2.920000000000054996007747831754    9.481620126679783879808383062482E+02
       -2.910000000000055209170568559784    1.003674638060473057521448936313E+03
       -2.900000000000055422333389287814    1.062220769679041950439568608999E+03
       -2.890000000000055635496210015845    1.123952756318863066553603857756E+03
       -2.880000000000055848659030743875    1.189029806193930198787711560726E+03
       -2.870000000000056061821851471905    1.257618251331457031483296304941E+03
       -2.860000000000056274984672199935    1.329891819773765291756717488170E+03
       -2.850000000000056488147492927965    1.406031915692884012969443574548E+03
       -2.840000000000056701310313655995    1.486227907517286894290009513497E+03
       -2.830000000000056914473134384025    1.570677424163888190378202125430E+03
       -2.820000000000057127635955112055    1.659586659461564067896688356996E+03
       -2.810000000000057340798775840085    1.753170684845077630598098039627E+03
       -2.800000000000057553961596568115    1.851653770390322279126849025488E+03
       -2.790000000000057767124417296145    1.955269714253239726531319320202E+03
       -2.780000000000057980287238024175    2.064262180565622202266240492463E+03
       -2.770000000000058193450058752205    2.178885045831229035684373229742E+03
       -2.760000000000058406612879480235    2.299402753855229548207717016339E+03
       -2.750000000000058619775700208265    2.426090679228925182542297989130E+03
       -2.740000000000058832938520936295    2.559235499379948578280163928866E+03
       -2.730000000000059046101341664325    2.699135575185715424595400691032E+03
       -2.720000000000059259264162392356    2.846101340134780457447050139308E+03
       -2.710000000000059472426983120386    3.000455698006890088436193764210E+03
       -2.700000000000059685589803848416    3.162534429027949499868554994464E+03
       -2.690000000000059898752624576446    3.332686604440809787774924188852E+03
       -2.680000000000060111915445304476    3.511275009416688135388540104032E+03
       -2.670000000000060325078266032506    3.698676574215202890627551823854E+03
       -2.660000000000060538241086760536    3.895282813483373047347413375974E+03
       -2.650000000000060751403907488566    4.101500273565532552311196923256E+03
       -2.640000000000060964566728216596    4.317750987676899967482313513756E+03
       -2.630000000000061177729548944626    4.544472938773542409762740135193E+03
       -2.620000000000061390892369672656    4.782120529930667544249445199966E+03
       -2.610000000000061604055190400686    5.031165062019546894589439034462E+03
       -2.600000000000061817218011128716    5.292095218450940592447295784950E+03
       -2.590000000000062030380831856746    5.565417556729667921899817883968E+03
       -2.580000000000062243543652584776    5.851657006540863221744075417519E+03
       -2.570000000000062456706473312806    6.151357374063625684357248246670E+03
       -2.560000000000062669869294040836    6.465081852182072907453402876854E+03
       -2.550000000000062883032114768866    6.793413536237341759260743856430E+03
       -2.540000000000063096194935496897    7.136955944936788000632077455521E+03
       -2.530000000000063309357756224927    7.496333546008623670786619186401E+03
       -2.520000000000063522520576952957    7.872192286161372976494021713734E+03
       -2.510000000000063735683397680987    8.265200124877988855587318539619E+03
       -2.500000000000063948846218409017    8.676047571544144375366158783436E+03
       -2.490000000000064162009039137047    9.105448225379193900153040885925E+03
       -2.480000000000064375171859865077    9.554139317606603071908466517925E+03
       -2.470000000000064588334680593107    1.002288225526823225663974881172E+04
       -2.460000000000064801497501321137    1.051246316605385254661086946726E+04
       -2.450000000000065014660322049167    1.102369344348364757024683058262E+04
       -2.440000000000065227823142777197    1.155741029174719915317837148905E+04
       -2.430000000000065440985963505227    1.211447726946778493584133684635E+04
       -2.420000000000065654148784233257    1.269578483162548764084931463003E+04
       -2.410000000000065867311604961287    1.330225086883693802519701421261E+04
       -2.400000000000066080474425689317    1.393482124315339569875504821539E+04
       -2.390000000000066293637246417347    1.459447031950240125297568738461E+04
       -2.380000000000066506800067145377    1.528220149186138405639212578535E+04
       -2.370000000000066719962887873407    1.599904770321460455306805670261E+04
       -2.360000000000066933125708601438    1.674607195830754062626510858536E+04
       -2.350000000000067146288529329468    1.752436782817542189150117337704E+04
       -2.340000000000067359451350057498    1.833505994538518280023708939552E+04
       -2.330000000000067572614170785528    1.917930448889260514988563954830E+04
       -2.320000000000067785776991513558    2.005828965737902763066813349724E+04
       -2.310000000000067998939812241588    2.097323612989479079260490834713E+04
       -2.300000000000068212102632969618    2.192539751259944023331627249718E+04
       -2.290000000000068425265453697648    2.291606077035211274051107466221E+04
       -2.280000000000068638428274425678    2.394654664186907757539302110672E+04
       -2.270000000000068851591095153708    2.501821003712954188813455402851E+04
       -2.260000000000069064753915881738    2.613244041567558451788499951363E+04
       -2.250000000000069277916736609768    2.729066214441737611196003854275E+04
       -2.240000000000069491079557337798    2.849433483352096664020791649818E+04
       -2.230000000000069704242378065828    2.974495364892288125702179968357E+04
       -2.220000000000069917405198793858    3.104404959998367121443152427673E+04
       -2.210000000000070130568019521888    3.239318980076161460601724684238E+04
       -2.200000000000070343730840249918    3.379397770335789391538128256798E+04
       -2.190000000000070556893660977948    3.524805330175595008768141269684E+04
       -2.180000000000070770056481705979    3.675709330455064628040418028831E+04
       -2.170000000000070983219302434009    3.832281127493722306098788976669E+04
       -2.160000000000071196382123162039    3.994695773630601615877822041512E+04
       -2.150000000000071409544943890069    4.163132024176651611924171447754E+04
       -2.140000000000071622707764618099    4.337772340590411477023735642433E+04
       -2.130000000000071835870585346129    4.518802889705436246003955602646E+04
       -2.120000000000072049033406074159    4.706413538836334919324144721031E+04
       -2.110000000000072262196226802189    4.900797846588869288098067045212E+04
       -2.100000000000072475359047530219    5.102153049198391818208619952202E+04
       -2.090000000000072688521868258249    5.310680042219989991281181573868E+04
       -2.080000000000072901684688986279    5.526583357393032201798632740974E+04
       -2.070000000000073114847509714309    5.750071134502426139079034328461E+04
       -2.060000000000073328010330442339    5.981355088058823457686230540276E+04
       -2.050000000000073541173151170369    6.220650468620166066102683544159E+04
       -2.040000000000073754335971898399    6.468176018577512149931862950325E+04
       -2.030000000000073967498792626429    6.724153922228896408341825008392E+04
       -2.020000000000074180661613354459    6.988809749966155504807829856873E+04
       -2.010000000000074393824434082489    7.262372396401161677204072475433E+04
       -2.000000000000074606987254810520    7.545074012259801384061574935913E+04
       -1.990000000000074598105470613518    7.837149929874233203008770942688E+04
       -1.980000000000074589223686416517    8.138838582106653484515845775604E+04
       -1.970000000000074580341902219516    8.450381414540746482089161872864E+04
       -1.960000000000074571460118022515    8.772022790780474315397441387177E+04
       -1.950000000000074562578333825513    9.104009890699651441536843776703E+04
       -1.940000000000074553696549628512    9.446592601490023662336170673370E+04
       -1.930000000000074544814765431511    9.800023401360245770774781703949E+04
       -1.920000000000074535932981234509    1.016455723574327421374619007111E+05
       -1.910000000000074527051197037508    1.054045138587525871116667985916E+05
       -1.900000000000074518169412840507    1.092796532961503253318369388580E+05
       -1.890000000000074509287628643506    1.132736059437977673951536417007E+05
       -1.880000000000074500405844446504    1.173890060207939241081476211548E+05
       -1.870000000000074491524060249503    1.216285050593950436450541019440E+05
       -1.860000000000074482642276052502    1.259947701911093026865273714066E+05
       -1.850000000000074473760491855501    1.304904823497179022524505853653E+05
       -1.840000000000074464878707658499    1.351183343903731147293001413345E+05
       -1.830000000000074455996923461498    1.398810291240166116040199995041E+05
       -1.820000000000074447115139264497    1.447812772664595104288309812546E+05
       -1.810000000000074438233355067496    1.498217953015692473854869604111E+05
       -1.800000000000074429351570870494    1.550053032581148145254701375961E+05
       -1.790000000000074420469786673493    1.603345223999351437669247388840E+05
       -1.780000000000074411588002476492    1.658121728292124171275645494461E+05
       -1.770000000000074402706218279491    1.714409710027539113070815801620E+05
       -1.760000000000074393824434082489    1.772236271613121207337826490402E+05
       -1.750000000000074384942649885488    1.831628426721046853344887495041E+05
       -1.740000000000074376060865688487    1.892613072848301089834421873093E+05
       -1.730000000000074367179081491486    1.955216963016161753330379724503E+05
       -1.720000000000074358297297294484    2.019466676614811003673821687698E+05
       -1.710000000000074349415513097483    2.085388589400364726316183805466E+05
       -1.700000000000074340533728900482    2.153008842653126048389822244644E+05
       -1.690000000000074331651944703481    2.222353311507437902037054300308E+05
       -1.680000000000074322770160506479    2.293447572465098055545240640640E+05
       -1.670000000000074313888376309478    2.366316870105943235103040933609E+05
       -1.660000000000074305006592112477    2.440986083010866132099181413651E+05
       -1.650000000000074296124807915476    2.517479688914232247043401002884E+05
       -1.640000000000074287243023718474    2.595821729104386467952281236649E+05
       -1.630000000000074278361239521473    2.676035772092700935900211334229E+05
       -1.620000000000074269479455324472    2.758144876573381479829549789429E+05
       -1.610000000000074260597671127471    2.842171553698051720857620239258E+05
       -1.600000000000074251715886930469    2.928137728690966032445430755615E+05
       -1.590000000000074242834102733468    3.016064701832521241158246994019E+05
       -1.580000000000074233952318536467    3.105973108840592904016375541687E+05
       -1.570000000000074225070534339466    3.197882880681076785549521446228E+05
       -1.560000000000074216188750142464    3.291813202840890735387802124023E+05
       -1.550000000000074207306965945463    3.387782474098544334992766380310E+05
       -1.540000000000074198425181748462    3.485808264829275431111454963684E+05
       -1.530000000000074189543397551461    3.585907274883596692234277725220E+05
       -1.520000000000074180661613354459    3.688095291079975431784987449646E+05
       -1.510000000000074171779829157458    3.792387144354198826476931571960E+05
       -1.500000000000074162898044960457    3.898796666609829990193247795105E+05
       -1.490000000000074154016260763456    4.007336647315963637083768844604E+05
       -1.480000000000074145134476566454    4.118018789900287520140409469604E+05
       -1.470000000000074136252692369453    4.230853667987219523638486862183E+05
       -1.460000000000074127370908172452    4.345850681532640010118484497070E+05
       -1.450000000000074118489123975451    4.463018012908418895676732063293E+05
       -1.440000000000074109607339778449    4.582362582991614472121000289917E+05
       -1.430000000000074100725555581448    4.703890007314843824133276939392E+05
       -1.420000000000074091843771384447    4.827604552335874177515506744385E+05
       -1.410000000000074082961987187446    4.953509091886025853455066680908E+05
       -1.400000000000074074080202990444    5.081605063858429202809929847717E+05
       -1.390000000000074065198418793443    5.211892427198571385815739631653E+05
       -1.380000000000074056316634596442    5.344369619260925101116299629211E+05
       -1.370000000000074047434850399441    5.479033513596697011962532997131E+05
       -1.360000000000074038553066202439    5.615879378238924546167254447937E+05
       -1.350000000000074029671282005438    5.754900834552283631637692451477E+05
       -1.340000000000074020789497808437    5.896089816715969936922192573547E+05
       -1.330000000000074011907713611436    6.039436531908981269225478172302E+05
       -1.320000000000074003025929414434    6.184929421267971629276871681213E+05
       -1.310000000000073994144145217433    6.332555121688592480495572090149E+05
       -1.300000000000073985262361020432    6.482298428541907342150807380676E+05
       -1.290000000000073976380576823431    6.634142259378008311614394187927E+05
       -1.280000000000073967498792626429    6.788067618689412483945488929749E+05
       -1.270000000000073958617008429428    6.944053563807144528254866600037E+05
       -1.260000000000073949735224232427    7.102077172002639854326844215393E+05
       -1.250000000000073940853440035426    7.262113508868681965395808219910E+05
       -1.240000000000073931971655838424    7.424135598052589921280741691589E+05
       -1.230000000000073923089871641423    7.588114392414720496162772178650E+05
       -1.220000000000073914208087444422    7.754018746685070218518376350403E+05
       -1.210000000000073905326303247421    7.921815391690362012013792991638E+05
       -1.200000000000073896444519050419    8.091468910223465645685791969299E+05
       -1.190000000000073887562734853418    8.262941714626344619318842887878E+05
       -1.180000000000073878680950656417    8.436194026156883919611573219299E+05
       -1.170000000000073869799166459416    8.611183856209052028134465217590E+05
       -1.160000000000073860917382262414    8.787866989454705035313963890076E+05
       -1.150000000000073852035598065413    8.966196968974183546379208564758E+05
       -1.140000000000073843153813868412    9.146125083441411843523383140564E+05
       -1.130000000000073834272029671411    9.327600356427755905315279960632E+05
       -1.120000000000073825390245474409    9.510569537887185579165816307068E+05
       -1.110000000000073816508461277408    9.694977097883526002988219261169E+05
       -1.100000000000073807626677080407    9.880765222618606640025973320007E+05
       -1.090000000000073798744892883406    1.006787381281803944148123264313E+06
       -1.080000000000073789863108686404    1.025624048452912247739732265472E+06
       -1.070000000000073780981324489403    1.044580057238298817537724971771E+06
       -1.060000000000073772099540292402    1.063648713537057861685752868652E+06
       -1.050000000000073763217756095401    1.082823096517942380160093307495E+06
       -1.040000000000073754335971898399    1.102096059713534079492092132568E+06
       -1.030000000000073745454187701398    1.121460232379027642309665679932E+06
       -1.020000000000073736572403504397    1.140908021119447890669107437134E+06
       -1.010000000000073727690619307396    1.160431611788791138678789138794E+06
       -1.000000000000073718808835110394    1.180022971664262935519218444824E+06
       -0.990000000000073709927050913393    1.199673851898425258696079254150E+06
       -0.980000000000073701045266716392    1.219375790251724887639284133911E+06
       -0.970000000000073692163482519391    1.239120114107493776828050613403E+06
       -0.960000000000073683281698322389    1.258897943771148100495338439941E+06
       -0.950000000000073674399914125388    1.278700196054911706596612930298E+06
       -0.940000000000073665518129928387    1.298517588148996699601411819458E+06
       -0.930000000000073656636345731386    1.318340641779766418039798736572E+06
       -0.920000000000073647754561534384    1.338159687654985114932060241699E+06
       -0.910000000000073638872777337383    1.357964870195840019732713699341E+06
       -0.900000000000073629990993140382    1.377746152554979547858238220215E+06
       -0.890000000000073621109208943381    1.397493321919382084161043167114E+06
       -0.880000000000073612227424746379    1.417195995096414815634489059448E+06
       -0.870000000000073603345640549378    1.436843624380997847765684127808E+06
       -0.860000000000073594463856352377    1.456425503701329231262207031250E+06
       -0.850000000000073585582072155375    1.475930775040165986865758895874E+06
       -0.840000000000073576700287958374    1.495348435128196608275175094604E+06
       -0.830000000000073567818503761373    1.514667342405571602284908294678E+06
       -0.820000000000073558936719564372    1.533876224247194360941648483276E+06
       -0.810000000000073550054935367370    1.552963684446905739605426788330E+06
       -0.800000000000073541173151170369    1.571918210955228656530380249023E+06
       -0.790000000000073532291366973368    1.590728183864871971309185028076E+06
       -0.780000000000073523409582776367    1.609381883637732360512018203735E+06
       -0.770000000000073514527798579365    1.627867499566665850579738616943E+06
       -0.760000000000073505646014382364    1.646173138464847113937139511108E+06
       -0.750000000000073496764230185363    1.664286833575083408504724502563E+06
       -0.740000000000073487882445988362    1.682196553690996952354907989502E+06
       -0.730000000000073479000661791360    1.699890212481554597616195678711E+06
       -0.720000000000073470118877594359    1.717355678009988740086555480957E+06
       -0.710000000000073461237093397358    1.734580782437728717923164367676E+06
       -0.700000000000073452355309200357    1.751553331903545651584863662720E+06
       -0.690000000000073443473525003355    1.768261116567712277173995971680E+06
       -0.680000000000073434591740806354    1.784691920810579787939786911011E+06
       -0.670000000000073425709956609353    1.800833533574599307030439376831E+06
       -0.660000000000073416828172412352    1.816673758838439825922250747681E+06
       -0.650000000000073407946388215350    1.832200426211504731327295303345E+06
       -0.640000000000073399064604018349    1.847401401636806316673755645752E+06
       -0.630000000000073390182819821348    1.862264598189832642674446105957E+06
       -0.620000000000073381301035624347    1.876777986960735172033309936523E+06
       -0.610000000000073372419251427345    1.890929608006871305406093597412E+06
       -0.600000000000073363537467230344    1.904707581362465396523475646973E+06
       -0.590000000000073354655683033343    1.918100118091894779354333877563E+06
       -0.580000000000073345773898836342    1.931095531372874509543180465698E+06
       -0.570000000000073336892114639340    1.943682247595594264566898345947E+06
       -0.560000000000073328010330442339    1.955848817463674116879701614380E+06
       -0.550000000000073319128546245338    1.967583927082621492445468902588E+06
       -0.540000000000073310246762048337    1.978876409021332394331693649292E+06
       -0.530000000000073301364977851335    1.989715253332039341330528259277E+06
       -0.520000000000073292483193654334    2.000089618514008820056915283203E+06
       -0.510000000000073283601409457333    2.009988842406203970313072204590E+06
       -0.500000000000073274719625260332    2.019402452994073741137981414795E+06
       -0.490000000000073265837841063330    2.028320179115586448460817337036E+06
       -0.480000000000073256956056866329    2.036731961051620543003082275391E+06
       -0.470000000000073248074272669328    2.044627960985837969928979873657E+06
       -0.460000000000073239192488472327    2.051998573319200426340103149414E+06
       -0.450000000000073230310704275325    2.058834434824355877935886383057E+06
       -0.440000000000073221428920078324    2.065126434625208377838134765625E+06
       -0.430000000000073212547135881323    2.070865723987097851932048797607E+06
       -0.420000000000073203665351684322    2.076043725903158076107501983643E+06
       -0.410000000000073194783567487320    2.080652144462579861283302307129E+06
       -0.400000000000073185901783290319    2.084682973986698780208826065063E+06
       -0.390000000000073177019999093318    2.088128507919041439890861511230E+06
       -0.380000000000073168138214896317    2.090981347455696202814579010010E+06
       -0.370000000000073159256430699315    2.093234409902646671980619430542E+06
       -0.360000000000073150374646502314    2.094880936746983788907527923584E+06
       -0.350000000000073141492862305313    2.095914501429228577762842178345E+06
       -0.340000000000073132611078108312    2.096329016804331447929143905640E+06
       -0.330000000000073123729293911310    2.096118742279266007244586944580E+06
       -0.320000000000073114847509714309    2.095278290615521371364593505859E+06
       -0.310000000000073105965725517308    2.093802634385193698108196258545E+06
       -0.300000000000073097083941320307    2.091687112069798167794942855835E+06
       -0.290000000000073088202157123305    2.088927433791369665414094924927E+06
       -0.280000000000073079320372926304    2.085519686665881890803575515747E+06
       -0.270000000000073070438588729303    2.081460339769491925835609436035E+06
       -0.260000000000073061556804532302    2.076746248708623927086591720581E+06
       -0.250000000000073052675020335300    2.071374659785415045917034149170E+06
       -0.240000000000073043793236138299    2.065343213750584982335567474365E+06
       -0.230000000000073034911451941298    2.058649949136340525001287460327E+06
       -0.220000000000073026029667744297    2.051293305162486154586076736450E+06
       -0.210000000000073017147883547295    2.043272124209491536021232604980E+06
       -0.200000000000073008266099350294    2.034585653852854389697313308716E+06
       -0.190000000000072999384315153293    2.025233548453703057020902633667E+06
       -0.180000000000072990502530956292    2.015215870301187969744205474854E+06
       -0.170000000000072981620746759290    2.004533090302838943898677825928E+06
       -0.160000000000072972738962562289    1.993186088219687342643737792969E+06
       -0.150000000000072963857178365288    1.981176152443593833595514297485E+06
       -0.140000000000072954975394168287    1.968504979314860887825489044189E+06
       -0.130000000000072946093609971285    1.955174671978854108601808547974E+06
       -0.120000000000072951089613582099    1.941187738781009800732135772705E+06
       -0.110000000000072956085617192912    1.926547091200253926217555999756E+06
       -0.100000000000072961081620803725    1.911256041321509052067995071411E+06
       -0.090000000000072966077624414538    1.895318298848622478544712066650E+06
       -0.080000000000072971073628025351    1.878737967659694142639636993408E+06
       -0.070000000000072976069631636165    1.861519541907429695129394531250E+06
       -0.060000000000072974126741343071    1.843667901667790021747350692749E+06
       -0.050000000000072972183851049977    1.825188308140842244029045104980E+06
       -0.040000000000072970240960756882    1.806086398408351000398397445679E+06
       -0.030000000000072968298070463788    1.786368179753266740590333938599E+06
       -0.020000000000072966355180170694    1.766040023546887561678886413574E+06
       -0.010000000000072966147013353577    1.745108658710065763443708419800E+06
       -0.000000000000072965938846536460    1.723581164755428675562143325806E+06
        0.009999999999927034269320280657    1.701464964418157469481229782104E+06
        0.019999999999927034477487097774    1.678767815883435308933258056641E+06
        0.029999999999927036420377390868    1.655497804619221016764640808105E+06
        0.039999999999927038363267683962    1.631663334823543671518564224243E+06
        0.049999999999927040306157977057    1.607273120496025774627923965454E+06
        0.059999999999927042249048270151    1.582336176143839955329895019531E+06
        0.069999999999927037253044659337    1.556861807132788468152284622192E+06
        0.079999999999927032257041048524    1.530859599694646429270505905151E+06
        0.089999999999927027261037437711    1.504339410602351650595664978027E+06
        0.099999999999927022265033826898    1.477311356525037437677383422852E+06
        0.109999999999927017269030216085    1.449785803075300063937902450562E+06
        0.119999999999927012273026605271    1.421773353561457712203264236450E+06
        0.129999999999927007277022994458    1.393284837457908783107995986938E+06
        0.139999999999927016158807191459    1.364331298607009928673505783081E+06
        0.149999999999927025040591388461    1.334923983166194520890712738037E+06
        0.159999999999927033922375585462    1.305074327314317226409912109375E+06
        0.169999999999927042804159782463    1.274793944731453433632850646973E+06
        0.179999999999927051685943979464    1.244094613866593223065137863159E+06
        0.189999999999927060567728176466    1.212988265007860492914915084839E+06
        0.199999999999927069449512373467    1.181486967170041054487228393555E+06
        0.209999999999927078331296570468    1.149602914814337156713008880615E+06
        0.219999999999927087213080767469    1.117348414415363222360610961914E+06
        0.229999999999927096094864964471    1.084735870890473946928977966309E+06
        0.239999999999927104976649161472    1.051777773906553629785776138306E+06
        0.249999999999927113858433358473    1.018486684079414233565330505371E+06
        0.259999999999927122740217555474    9.848752190809308085590600967407E+05
        0.269999999999927131622001752476    9.509560396689977496862411499023E+05
        0.279999999999927140503785949477    9.167418356553178746253252029419E+05
        0.289999999999927149385570146478    8.822453118259296752512454986572E+05
        0.299999999999927158267354343479    8.474791738292472437024116516113E+05
        0.309999999999927167149138540481    8.124561140462267212569713592529E+05
        0.319999999999927176030922737482    7.771887974570791702717542648315E+05
        0.329999999999927184912706934483    7.416898475187374278903007507324E+05
        0.339999999999927193794491131484    7.059718320670325774699449539185E+05
        0.349999999999927202676275328486    6.700472492572648916393518447876E+05
        0.359999999999927211558059525487    6.339285135565523523837327957153E+05
        0.369999999999927220439843722488    5.976279418010113295167684555054E+05
        0.379999999999927229321627919489    5.611577393304693978279829025269E+05
        0.389999999999927238203412116491    5.245299862130330875515937805176E+05
        0.399999999999927247085196313492    4.877566235714240465313196182251E+05
        0.409999999999927255966980510493    4.508494400225719437003135681152E+05
        0.419999999999927264848764707494    4.138200582414960954338312149048E+05
        0.429999999999927273730548904496    3.766799216600324725732207298279E+05
        0.439999999999927282612333101497    3.394402813104632077738642692566E+05
        0.449999999999927291494117298498    3.021121828235844150185585021973E+05
        0.459999999999927300375901495499    2.647064535902072675526142120361E+05
        0.469999999999927309257685692501    2.272336900945228990167379379272E+05
        0.479999999999927318139469889502    1.897042454271813621744513511658E+05
        0.489999999999927327021254086503    1.521282169853327213786542415619E+05
        0.499999999999927335903038283504    1.145154343662604223936796188354E+05
        0.509999999999927289273671249248    7.687544746060008765198290348053E+04
        0.519999999999927298155455446249    3.921751475048455176874995231628E+04
        0.529999999999927307037239643250    1.550591817287611775100231170654E+03
        0.539999999999927315919023840252   -3.611667993704454420367255806923E+04
        0.549999999999927324800808037253   -7.377598435178259387612342834473E+04
        0.559999999999927333682592234254   -1.114193413497431611176580190659E+05
        0.569999999999927342564376431255   -1.490391175583004660438746213913E+05
        0.579999999999927351446160628257   -1.866280367079584684688597917557E+05
        0.589999999999927360327944825258   -2.241791898081082326825708150864E+05
        0.599999999999927369209729022259   -2.616860451003518828656524419785E+05
        0.609999999999927378091513219260   -2.991424577905419282615184783936E+05
        0.619999999999927386973297416262   -3.365426795614606235176324844360E+05
        0.629999999999927395855081613263   -3.738813678688482614234089851379E+05
        0.639999999999927404736865810264   -4.111535950242835097014904022217E+05
        0.649999999999927413618650007265   -4.483548570692175999283790588379E+05
        0.659999999999927422500434204267   -4.854810824452725937590003013611E+05
        0.669999999999927431382218401268   -5.225286404667281312867999076843E+05
        0.679999999999927440264002598269   -5.594943496019409503787755966187E+05
        0.689999999999927449145786795270   -5.963754855712678981944918632507E+05
        0.699999999999927458027570992272   -6.331697892698957584798336029053E+05
        0.709999999999927466909355189273   -6.698754745248173130676150321960E+05
        0.719999999999927475791139386274   -7.064912356960386969149112701416E+05
        0.729999999999927484672923583275   -7.430162551329472335055470466614E+05
        0.739999999999927493554707780277   -7.794502104976265691220760345459E+05
        0.749999999999927502436491977278   -8.157932819677618099376559257507E+05
        0.759999999999927511318276174279   -8.520461593326427973806858062744E+05
        0.769999999999927520200060371280   -8.882100489966430468484759330750E+05
        0.779999999999927529081844568282   -9.242866809054298792034387588501E+05
        0.789999999999927537963628765283   -9.602783154110406758263707160950E+05
        0.799999999999927546845412962284   -9.961877500928521621972322463989E+05
        0.809999999999927555727197159285   -1.032018326552366255782544612885E+06
        0.819999999999927564608981356287   -1.067773937200639629736542701721E+06
        0.829999999999927573490765553288   -1.103459032058100216090679168701E+06
        0.839999999999927582372549750289   -1.139078625587417976930737495422E+06
        0.849999999999927591254333947290   -1.174638303581029642373323440552E+06
        0.859999999999927600136118144292   -1.210144230125869391486048698425E+06
        0.869999999999927609017902341293   -1.245603154668811243027448654175E+06
        0.879999999999927617899686538294   -1.281022419207308208569884300232E+06
        0.889999999999927626781470735295   -1.316409965630705468356609344482E+06
        0.899999999999927635663254932297   -1.351774343238707398995757102966E+06
        0.909999999999927644545039129298   -1.387124716464513447135686874390E+06
        0.919999999999927653426823326299   -1.422470872831181390210986137390E+06
        0.929999999999927662308607523300   -1.457823231170854996889829635620E+06
        0.939999999999927671190391720302   -1.493192850137585541233420372009E+06
        0.949999999999927680072175917303   -1.528591437045608647167682647705E+06
        0.959999999999927688953960114304   -1.564031357066089520230889320374E+06
        0.969999999999927697835744311305   -1.599525642816542182117700576782E+06
        0.979999999999927706717528508307   -1.635088004378353012725710868835E+06
        0.989999999999927715599312705308   -1.670732839779104571789503097534E+06
        0.999999999999927724481096902309   -1.706475245977699058130383491516E+06
        1.009999999999927622340578636795   -1.742331030391636304557323455811E+06
        1.019999999999927631222362833796   -1.778316723007199121639132499695E+06
        1.029999999999927640104147030797   -1.814449589114757720381021499634E+06
        1.039999999999927648985931227799   -1.850747642712909495458006858826E+06
        1.049999999999927657867715424800   -1.887229660626746714115142822266E+06
        1.059999999999927666749499621801   -1.923915197387186111882328987122E+06
        1.069999999999927675631283818802   -1.960824600919993128627538681030E+06
        1.079999999999927684513068015804   -1.997979029094930971041321754456E+06
        1.089999999999927693394852212805   -2.035400467187317088246345520020E+06
        1.099999999999927702276636409806   -2.073111746306231012567877769470E+06
        1.109999999999927711158420606807   -2.111136562845656648278236389160E+06
        1.119999999999927720040204803809   -2.149499499016987159848213195801E+06
        1.129999999999927728921989000810   -2.188226044523571617901325225830E+06
        1.139999999999927737803773197811   -2.227342619440332055091857910156E+06
        1.149999999999927746685557394812   -2.266876598363975062966346740723E+06
        1.159999999999927755567341591814   -2.306856335901920683681964874268E+06
        1.169999999999927764449125788815   -2.347311193570807576179504394531E+06
        1.179999999999927773330909985816   -2.388271568178341723978519439697E+06
        1.189999999999927782212694182817   -2.429768921765265055000782012939E+06
        1.199999999999927791094478379819   -2.471835813187450170516967773438E+06
        1.209999999999927799976262576820   -2.514505931421485729515552520752E+06
        1.219999999999927808858046773821   -2.557814130680679343640804290771E+06
        1.229999999999927817739830970822   -2.601796467432155273854732513428E+06
        1.239999999999927826621615167824   -2.646490239409686066210269927979E+06
        1.249999999999927835503399364825   -2.691934026721064932644367218018E+06
        1.259999999999927844385183561826   -2.738167735153244808316230773926E+06
        1.269999999999927853266967758827   -2.785232641783107072114944458008E+06
        1.279999999999927862148751955829   -2.833171443006655201315879821777E+06
        1.289999999999927871030536152830   -2.882028305104594677686691284180E+06
        1.299999999999927879912320349831   -2.931848917467760853469371795654E+06
        1.309999999999927888794104546832   -2.982680548611626029014587402344E+06
        1.319999999999927897675888743834   -3.034572105115246027708053588867E+06
        1.329999999999927906557672940835   -3.087574193626454100012779235840E+06
        1.339999999999927915439457137836   -3.141739186081948690116405487061E+06
        1.349999999999927924321241334837   -3.197121288298130035400390625000E+06
        1.359999999999927933203025531839   -3.253776612096163444221019744873E+06
        1.369999999999927942084809728840   -3.311763251132801175117492675781E+06
        1.379999999999927950966593925841   -3.371141360617035068571567535400E+06
        1.389999999999927959848378122842   -3.431973241101620718836784362793E+06
        1.399999999999927968730162319844   -3.494323426548069342970848083496E+06
        1.409999999999927977611946516845   -3.558258776873736642301082611084E+06
        1.419999999999927986493730713846   -3.623848575200298801064491271973E+06
        1.429999999999927995375514910847   -3.691164630034143105149269104004E+06
        1.439999999999928004257299107849   -3.760281382621102966368198394775E+06
        1.449999999999928013139083304850   -3.831276019730542786419391632080E+06
        1.459999999999928022020867501851   -3.904228592137105762958526611328E+06
        1.469999999999928030902651698852   -3.979222139082494191825389862061E+06
        1.479999999999928039784435895854   -4.056342819014549255371093750000E+06
        1.489999999999928048666220092855   -4.135680046916626393795013427734E+06
        1.499999999999928057548004289856   -4.217326638556902296841144561768E+06
        1.509999999999928066429788486857   -4.301378962004875764250755310059E+06
        1.519999999999928075311572683859   -4.387937096780952997505664825439E+06
        1.529999999999928084193356880860   -4.477105001024710014462471008301E+06
        1.539999999999928093075141077861   -4.568990687088287435472011566162E+06
        1.549999999999928101956925274862   -4.663706405983446165919303894043E+06
        1.559999999999928110838709471864   -4.761368841134161688387393951416E+06
        1.569999999999928119720493668865   -4.862099311911350116133689880371E+06
        1.579999999999928128602277865866   -4.966023987452491186559200286865E+06
        1.589999999999928137484062062867   -5.073274111296590417623519897461E+06
        1.599999999999928146365846259869   -5.183986237394238822162151336670E+06
        1.609999999999928155247630456870   -5.298302478083571419119834899902E+06
        1.619999999999928164129414653871   -5.416370764655782841145992279053E+06
        1.629999999999928173011198850872   -5.538345121168632060289382934570E+06
        1.639999999999928181892983047874   -5.664385952203246764838695526123E+06
        1.649999999999928190774767244875   -5.794660345298537984490394592285E+06
        1.659999999999928199656551441876   -5.929342388838875107467174530029E+06
        1.669999999999928208538335638877   -6.068613506214478984475135803223E+06
        1.679999999999928217420119835879   -6.212662807120335288345813751221E+06
        1.689999999999928226301904032880   -6.361687456908643245697021484375E+06
        1.699999999999928235183688229881   -6.515893064961857162415981292725E+06
        1.709999999999928244065472426882   -6.675494093108581379055976867676E+06
        1.719999999999928252947256623884   -6.840714285163118503987789154053E+06
        1.729999999999928261829040820885   -7.011787118731468915939331054688E+06
        1.739999999999928270710825017886   -7.188956280492327176034450531006E+06
        1.749999999999928279592609214887   -7.372476166231371462345123291016E+06
        1.759999999999928288474393411889   -7.562612406981036998331546783447E+06
        1.769999999999928297356177608890   -7.759642422696409747004508972168E+06
        1.779999999999928306237961805891   -7.963856004981017671525478363037E+06
        1.789999999999928315119746002892   -8.175555930464545264840126037598E+06
        1.799999999999928324001530199894   -8.395058606528107076883316040039E+06
        1.809999999999928332883314396895   -8.622694751172019168734550476074E+06
        1.819999999999928341765098593896   -8.858810108926441520452499389648E+06
        1.829999999999928350646882790898   -9.103766204817166551947593688965E+06
        1.839999999999928359528666987899   -9.357941138517536222934722900391E+06
        1.849999999999928368410451184900   -9.621730420943619683384895324707E+06
        1.859999999999928377292235381901   -9.895547855683624744415283203125E+06
        1.869999999999928386174019578903   -1.017982646779474057257175445557E+07
        1.879999999999928395055803775904   -1.047501948265156894922256469727E+07
        1.889999999999928403937587972905   -1.078160135769071616232395172119E+07
        1.899999999999928412819372169906   -1.110006887006657943129539489746E+07
        1.909999999999928421701156366908   -1.143094226341438479721546173096E+07
        1.919999999999928430582940563909   -1.177476645710894837975502014160E+07
        1.929999999999928439464724760910   -1.213211232161219604313373565674E+07
        1.939999999999928448346508957911   -1.250357802371982485055923461914E+07
        1.949999999999928457228293154913   -1.288979044574862532317638397217E+07
        1.959999999999928466110077351914   -1.329140668295171111822128295898E+07
        1.969999999999928474991861548915   -1.370911562371024303138256072998E+07
        1.979999999999928483873645745916   -1.414363961732819303870201110840E+07
        1.989999999999928492755429942918   -1.459573623455229587852954864502E+07
        1.999999999999928501637214139919   -1.506620012625395506620407104492E+07
        2.009999999999928288474393411889   -1.555586498604451678693294525146E+07
        2.019999999999928075311572683859   -1.606560562295146286487579345703E+07
        2.029999999999927862148751955829   -1.659634015066225640475749969482E+07
        2.039999999999927648985931227799   -1.714903230024598166346549987793E+07
        2.049999999999927435823110499769   -1.772469386369265615940093994141E+07
        2.059999999999927222660289771738   -1.832438727606747671961784362793E+07
        2.069999999999927009497469043708   -1.894922834456448256969451904297E+07
        2.079999999999926796334648315678   -1.960038913326295092701911926270E+07
        2.089999999999926583171827587648   -2.027910101294269412755966186523E+07
        2.099999999999926370009006859618   -2.098665788590325042605400085449E+07
        2.109999999999926156846186131588   -2.172441959635951370000839233398E+07
        2.119999999999925943683365403558   -2.249381553765521571040153503418E+07
        2.129999999999925730520544675528   -2.329634846824836730957031250000E+07
        2.139999999999925517357723947498   -2.413359854918283596634864807129E+07
        2.149999999999925304194903219468   -2.500722761657033860683441162109E+07
        2.159999999999925091032082491438   -2.591898370347116515040397644043E+07
        2.169999999999924877869261763408   -2.687070582648339122533798217773E+07
        2.179999999999924664706441035378   -2.786432905333319678902626037598E+07
        2.189999999999924451543620307348   -2.890188986880745738744735717773E+07
        2.199999999999924238380799579318   -2.998553185748853161931037902832E+07
        2.209999999999924025217978851288   -3.111751172294514626264572143555E+07
        2.219999999999923812055158123258   -3.230020566430733725428581237793E+07
        2.229999999999923598892337395228   -3.353611613251381367444992065430E+07
        2.239999999999923385729516667197   -3.482787898997202515602111816406E+07
        2.249999999999923172566695939167   -3.617827109892194718122482299805E+07
        2.259999999999922959403875211137   -3.759021836545041203498840332031E+07
        2.269999999999922746241054483107   -3.906680426787135750055313110352E+07
        2.279999999999922533078233755077   -4.061127890007682144641876220703E+07
        2.289999999999922319915413027047   -4.222706856248197704553604125977E+07
        2.299999999999922106752592299017   -4.391778593534439802169799804688E+07
        2.309999999999921893589771570987   -4.568724087154313176870346069336E+07
        2.319999999999921680426950842957   -4.753945184836694598197937011719E+07
        2.329999999999921467264130114927   -4.947865812049519270658493041992E+07
        2.339999999999921254101309386897   -5.150933261917130649089813232422E+07
        2.349999999999921040938488658867   -5.363619564558044821023941040039E+07
        2.359999999999920827775667930837   -5.586422940966409444808959960938E+07
        2.369999999999920614612847202807   -5.819869346904984861612319946289E+07
        2.379999999999920401450026474777   -6.064514112646099925041198730469E+07
        2.389999999999920188287205746747   -6.320943684791471809148788452148E+07
        2.399999999999919975124385018717   -6.589777476823878288269042968750E+07
        2.409999999999919761961564290687   -6.871669835495457053184509277344E+07
        2.419999999999919548798743562656   -7.167312130641067028045654296875E+07
        2.429999999999919335635922834626   -7.477434976522937417030334472656E+07
        2.439999999999919122473102106596   -7.802810593367317318916320800781E+07
        2.449999999999918909310281378566   -8.144255318347677588462829589844E+07
        2.459999999999918696147460650536   -8.502632275905093550682067871094E+07
        2.469999999999918482984639922506   -8.878854217977887392044067382812E+07
        2.479999999999918269821819194476   -9.273886545442721247673034667969E+07
        2.489999999999918056658998466446   -9.688750522851791977882385253906E+07
        2.499999999999917843496177738416   -1.012452669938938617706298828125E+08
        2.509999999999917630333357010386   -1.058235854986999630928039550781E+08
        2.519999999999917417170536282356   -1.106345635056400597095489501953E+08
        2.529999999999917204007715554326   -1.156910130567039251327514648438E+08
        2.539999999999916990844894826296   -1.210064994136422276496887207031E+08
        2.549999999999916777682074098266   -1.265953878553556799888610839844E+08
        2.559999999999916564519253370236   -1.324728935261172652244567871094E+08
        2.569999999999916351356432642206   -1.386551345422305762767791748047E+08
        2.579999999999916138193611914176   -1.451591885794110298156738281250E+08
        2.589999999999915925030791186146   -1.520031531789365708827972412109E+08
        2.599999999999915711867970458115   -1.592062100275320410728454589844E+08
        2.609999999999915498705149730085   -1.667886934841134846210479736328E+08
        2.619999999999915285542329002055   -1.747721636460216641426086425781E+08
        2.629999999999915072379508274025   -1.831794842683176100254058837891E+08
        2.639999999999914859216687545995   -1.920349058722100257873535156250E+08
        2.649999999999914646053866817965   -2.013641544028515517711639404297E+08
        2.659999999999914432891046089935   -2.111945258227061033248901367188E+08
        2.669999999999914219728225361905   -2.215549870545945465564727783203E+08
        2.679999999999914006565404633875   -2.324762837185134887695312500000E+08
        2.689999999999913793402583905845   -2.439910551385603845119476318359E+08
        2.699999999999913580239763177815   -2.561339571309559345245361328125E+08
        2.709999999999913367076942449785   -2.689417931214216947555541992188E+08
        2.719999999999913153914121721755   -2.824536541802488565444946289062E+08
        2.729999999999912940751300993725   -2.967110686065040826797485351562E+08
        2.739999999999912727588480265695   -3.117581617391912937164306640625E+08
        2.749999999999912514425659537665   -3.276418267230894565582275390625E+08
        2.759999999999912301262838809635   -3.444119070106772184371948242188E+08
        2.769999999999912088100018081605   -3.621213914393509626388549804688E+08
        2.779999999999911874937197353574   -3.808266227853490114212036132812E+08
        2.789999999999911661774376625544   -4.005875207627729177474975585938E+08
        2.799999999999911448611555897514   -4.214678205082162618637084960938E+08
        2.809999999999911235448735169484   -4.435353276691799163818359375000E+08
        2.819999999999911022285914441454   -4.668621912981142997741699218750E+08
        2.829999999999910809123093713424   -4.915251958440561294555664062500E+08
        2.839999999999910595960272985394   -5.176060736309375762939453125000E+08
        2.849999999999910382797452257364   -5.451918393162934780120849609375E+08
        2.859999999999910169634631529334   -5.743751479368875026702880859375E+08
        2.869999999999909956471810801304   -6.052546782693626880645751953125E+08
        2.879999999999909743308990073274   -6.379355433651158809661865234375E+08
        2.889999999999909530146169345244   -6.725297302599513530731201171875E+08
        2.899999999999909316983348617214   -7.091565710115244388580322265625E+08
        2.909999999999909103820527889184   -7.479432473820328712463378906250E+08
        2.919999999999908890657707161154   -7.890253316610267162322998046875E+08
        2.929999999999908677494886433124   -8.325473663146355152130126953125E+08
        2.939999999999908464332065705094   -8.786634853541021347045898437500E+08
        2.949999999999908251169244977063   -9.275380805394892692565917968750E+08
        2.959999999999908038006424249033   -9.793465157751455307006835937500E+08
        2.969999999999907824843603521003   -1.034275893313413143157958984375E+09
        2.979999999999907611680782792973   -1.092525875663717031478881835938E+09
        2.989999999999907398517962064943   -1.154309567407302379608154296875E+09
        2.999999999999907185355141336913   -1.219854461445327520370483398438E+09
        3.009999999999906972192320608883   -1.289403454561779022216796875000E+09
        3.019999999999906759029499880853   -1.363215937564946413040161132812E+09
        3.029999999999906545866679152823   -1.441568965684317588806152343750E+09
        3.039999999999906332703858424793   -1.524758515346318006515502929688E+09
        3.049999999999906119541037696763   -1.613100833935079097747802734375E+09
        3.059999999999905906378216968733   -1.706933889666421651840209960938E+09
        3.069999999999905693215396240703   -1.806618929267740249633789062500E+09
        3.079999999999905480052575512673   -1.912542151767062902450561523438E+09
        3.089999999999905266889754784643   -2.025116507355056285858154296875E+09
        3.099999999999905053726934056613   -2.144783630998409986495971679688E+09
        3.109999999999904840564113328583   -2.272015921256366252899169921875E+09
        3.119999999999904627401292600553   -2.407318775589172363281250000000E+09
        3.129999999999904414238471872522   -2.551232994353264331817626953125E+09
        3.139999999999904201075651144492   -2.704337366658934593200683593750E+09
        3.149999999999903987912830416462   -2.867251452328422069549560546875E+09
        3.159999999999903774750009688432   -3.040638575342741966247558593750E+09
        3.169999999999903561587188960402   -3.225209045411628246307373046875E+09
        3.179999999999903348424368232372   -3.421723625650929450988769531250E+09
        3.189999999999903135261547504342   -3.630997265814502239227294921875E+09
        3.199999999999902922098726776312   -3.853903122112847328186035156250E+09
        3.209999999999902708935906048282   -4.091376886368902683258056640625E+09
        3.219999999999902495773085320252   -4.344421449124024391174316406250E+09
        3.229999999999902282610264592222   -4.614111923326749801635742187500E+09
        3.239999999999902069447443864192   -4.901601057426991462707519531250E+09
        3.249999999999901856284623136162   -5.208125069073644638061523437500E+09
        3.259999999999901643121802408132   -5.535009933190335273742675781250E+09
        3.269999999999901429958981680102   -5.883678160999692916870117187500E+09
        3.279999999999901216796160952072   -6.255656109600171089172363281250E+09
        3.289999999999901003633340224042   -6.652581864991977691650390625000E+09
        3.299999999999900790470519496012   -7.076213745022604942321777343750E+09
        3.309999999999900577307698767981   -7.528439472602666854858398437500E+09
        3.319999999999900364144878039951   -8.011286073756011009216308593750E+09
        3.329999999999900150982057311921   -8.526930559643865585327148437500E+09
        3.339999999999899937819236583891   -9.077711456673007965087890625000E+09
        3.349999999999899724656415855861   -9.666141254197553634643554687500E+09
        3.359999999999899511493595127831   -1.029491984519101715087890625000E+10
        3.369999999999899298330774399801   -1.096694904164129829406738281250E+10
        3.379999999999899085167953671771   -1.168534825335148239135742187500E+10
        3.389999999999898872005132943741   -1.245347142636325263977050781250E+10
        3.399999999999898658842312215711   -1.327492534541127777099609375000E+10
        3.409999999999898445679491487681   -1.415358941372489738464355468750E+10
        3.419999999999898232516670759651   -1.509363703318226242065429687500E+10
        3.429999999999898019353850031621   -1.609955871836176490783691406250E+10
        3.439999999999897806191029303591   -1.717618708950291442871093750000E+10
        3.449999999999897593028208575561   -1.832872390186740875244140625000E+10
        3.459999999999897379865387847531   -1.956276928257245635986328125000E+10
        3.469999999999897166702567119501   -2.088435336075238800048828125000E+10
        3.479999999999896953539746391471   -2.229997049300030517578125000000E+10
        3.489999999999896740376925663440   -2.381661630356852722167968750000E+10
        3.499999999999896527214104935410   -2.544182777789492797851562500000E+10
        3.509999999999896314051284207380   -2.718372666881497192382812500000E+10
        3.519999999999896100888463479350   -2.905106649747185516357421875000E+10
        3.529999999999895887725642751320   -3.105328345562053680419921875000E+10
        3.539999999999895674562822023290   -3.320055154292175292968750000000E+10
        3.549999999999895461400001295260   -3.550384230214376831054687500000E+10
        3.559999999999895248237180567230   -3.797498954715554809570312500000E+10
        3.569999999999895035074359839200   -4.062675951344981384277343750000E+10
        3.579999999999894821911539111170   -4.347292689894555664062500000000E+10
        3.589999999999894608748718383140   -4.652835730427912902832031250000E+10
        3.599999999999894395585897655110   -4.980909662702293395996093750000E+10
        3.609999999999894182423076927080   -5.333246801362013244628906250000E+10
        3.619999999999893969260256199050   -5.711717702667892456054687500000E+10
        3.629999999999893756097435471020   -6.118342574405052185058593750000E+10
        3.639999999999893542934614742990   -6.555303657028327941894531250000E+10
        3.649999999999893329771794014960   -7.024958661110664367675781250000E+10
        3.659999999999893116608973286930   -7.529855353810670471191406250000E+10
        3.669999999999892903446152558899   -8.072747395431791687011718750000E+10
        3.679999999999892690283331830869   -8.656611536273789978027343750000E+10
        3.689999999999892477120511102839   -9.284666293950614929199218750000E+10
        3.699999999999892263957690374809   -9.960392242247096252441406250000E+10
        3.709999999999892050794869646779   -1.068755405449822540283203125000E+11
        3.719999999999891837632048918749   -1.147022445749544219970703125000E+11
        3.729999999999891624469228190719   -1.231281026615984954833984375000E+11
        3.739999999999891411306407462689   -1.322008068478890838623046875000E+11
        3.749999999999891198143586734659   -1.419719807770797729492187500000E+11
        3.759999999999890984980766006629   -1.524975143078105468750000000000E+11
        3.769999999999890771817945278599   -1.638379274560958862304687500000E+11
        3.779999999999890558655124550569   -1.760587663054276123046875000000E+11
        3.789999999999890345492303822539   -1.892310337702244873046875000000E+11
        3.799999999999890132329483094509   -2.034316583649421997070312500000E+11
        3.809999999999889919166662366479   -2.187440044235588989257812500000E+11
        3.819999999999889706003841638449   -2.352584275343245849609375000000E+11
        3.829999999999889492841020910419   -2.530728793053077392578125000000E+11
        3.839999999999889279678200182389   -2.722935659603538208007812500000E+11
        3.849999999999889066515379454358   -2.930356656858466796875000000000E+11
        3.859999999999888853352558726328   -3.154241101097222290039062500000E+11
        3.869999999999888640189737998298   -3.395944357994650878906250000000E+11
        3.879999999999888427026917270268   -3.656937122196586303710937500000E+11
        3.889999999999888213864096542238   -3.938815531968294677734375000000E+11
        3.899999999999888000701275814208   -4.243312196050775756835937500000E+11
        3.909999999999887787538455086178   -4.572308217160861816406250000000E+11
        3.919999999999887574375634358148   -4.927846304579237670898437500000E+11
        3.929999999999887361212813630118   -5.312145077055805664062500000000E+11
        3.939999999999887148049992902088   -5.727614666901323242187500000000E+11
        3.949999999999886934887172174058   -6.176873746712756347656250000000E+11
        3.959999999999886721724351446028   -6.662768111790891113281250000000E+11
        3.969999999999886508561530717998   -7.188390964055285644531250000000E+11
        3.979999999999886295398709989968   -7.757105057257163085937500000000E+11
        3.989999999999886082235889261938   -8.372566878660295410156250000000E+11
        3.999999999999885869073068533908   -9.038753059241101074218750000000E+11
        4.009999999999886099999457655940   -9.759989223004025878906250000000E+11
        4.019999999999885886836636927910   -1.054098150638414306640625000000E+12
        4.029999999999885673673816199880   -1.138685100110049072265625000000E+12
        4.039999999999885460510995471850   -1.230317139843468017578125000000E+12
        4.049999999999885247348174743820   -1.329601013996428955078125000000E+12
        4.059999999999885034185354015790   -1.437197340952732666015625000000E+12
        4.069999999999884821022533287760   -1.553825533390625244140625000000E+12
        4.079999999999884607859712559730   -1.680269179569924072265625000000E+12
        4.089999999999884394696891831700   -1.817381930142587158203125000000E+12
        4.099999999999884181534071103670   -1.966093939146191650390625000000E+12
        4.109999999999883968371250375640   -2.127418912631963134765625000000E+12
        4.119999999999883755208429647610   -2.302461823653411132812500000000E+12
        4.129999999999883542045608919580   -2.492427358147847656250000000000E+12
        4.139999999999883328882788191549   -2.698629162635824218750000000000E+12
        4.149999999999883115719967463519   -2.922499971703241210937500000000E+12
        4.159999999999882902557146735489   -3.165602700984446289062500000000E+12
        4.169999999999882689394326007459   -3.429642599905853515625000000000E+12
        4.179999999999882476231505279429   -3.716480567860169921875000000000E+12
        4.189999999999882263068684551399   -4.028147747851467773437500000000E+12
        4.199999999999882049905863823369   -4.366861523080937500000000000000E+12
        4.209999999999881836743043095339   -4.735043054542617187500000000000E+12
        4.219999999999881623580222367309   -5.135336511589869140625000000000E+12
        4.229999999999881410417401639279   -5.570630162752050781250000000000E+12
        4.239999999999881197254580911249   -6.044079510976189453125000000000E+12
        4.249999999999880984091760183219   -6.559132676106179687500000000000E+12
        4.259999999999880770928939455189   -7.119558247975171875000000000000E+12
        4.269999999999880557766118727159   -7.729475856178455078125000000000E+12
        4.279999999999880344603297999129   -8.393389727638792968750000000000E+12
        4.289999999999880131440477271099   -9.116225530722740234375000000000E+12
        4.299999999999879918277656543069   -9.903370835190613281250000000000E+12
        4.309999999999879705114835815039   -1.076071955096981835937500000000E+13
        4.319999999999879491952015087008   -1.169472074596961718750000000000E+13
        4.329999999999879278789194358978   -1.271243228428023242187500000000E+13
        4.339999999999879065626373630948   -1.382157977153604687500000000000E+13
        4.349999999999878852463552902918   -1.503062134443265820312500000000E+13
        4.359999999999878639300732174888   -1.634881889688166015625000000000E+13
        4.369999999999878426137911446858   -1.778631639663221875000000000000E+13
        4.379999999999878212975090718828   -1.935422601401349609375000000000E+13
        4.389999999999877999812269990798   -2.106472285945425000000000000000E+13
        4.399999999999877786649449262768   -2.293114920938982421875000000000E+13
        4.409999999999877573486628534738   -2.496812919193111718750000000000E+13
        4.419999999999877360323807806708   -2.719169500519852734375000000000E+13
        4.429999999999877147160987078678   -2.961942585357516406250000000000E+13
        4.439999999999876933998166350648   -3.227060091148301953125000000000E+13
        4.449999999999876720835345622618   -3.516636776193935937500000000000E+13
        4.459999999999876507672524894588   -3.832992790955757812500000000000E+13
        4.469999999999876294509704166558   -4.178674113642910937500000000000E+13
        4.479999999999876081346883438528   -4.556475065625025000000000000000E+13
        4.489999999999875868184062710498   -4.969463122912923437500000000000E+13
        4.499999999999875655021241982467   -5.421006262893628125000000000000E+13
        4.509999999999875441858421254437   -5.914803110930079687500000000000E+13
        4.519999999999875228695600526407   -6.454916179614853125000000000000E+13
        4.529999999999875015532779798377   -7.045808524704771875000000000000E+13
        4.539999999999874802369959070347   -7.692384176397768750000000000000E+13
        4.549999999999874589207138342317   -8.400032743020856250000000000000E+13
        4.559999999999874376044317614287   -9.174678626797034375000000000000E+13
        4.569999999999874162881496886257   -1.002283533861541250000000000000E+14
        4.579999999999873949718676158227   -1.095166545116088750000000000000E+14
        4.589999999999873736555855430197   -1.196904678794488125000000000000E+14
        4.599999999999873523393034702167   -1.308364551035927187500000000000E+14
        4.609999999999873310230213974137   -1.430499683656760000000000000000E+14
        4.619999999999873097067393246107   -1.564359420564792187500000000000E+14
        4.629999999999872883904572518077   -1.711098778879841250000000000000E+14
        4.639999999999872670741751790047   -1.871989334759932812500000000000E+14
        4.649999999999872457578931062017   -2.048431254839608125000000000000E+14
        4.659999999999872244416110333987   -2.241966596305667187500000000000E+14
        4.669999999999872031253289605957   -2.454294012103295000000000000000E+14
        4.679999999999871818090468877926   -2.687285012734663437500000000000E+14
        4.689999999999871604927648149896   -2.943001952753125625000000000000E+14
        4.699999999999871391764827421866   -3.223717928559052500000000000000E+14
        4.709999999999871178602006693836   -3.531938794680160625000000000000E+14
        4.719999999999870965439185965806   -3.870427528606365000000000000000E+14
        4.729999999999870752276365237776   -4.242231199710698125000000000000E+14
        4.739999999999870539113544509746   -4.650710826118256250000000000000E+14
        4.749999999999870325950723781716   -5.099574434913326875000000000000E+14
        4.759999999999870112787903053686   -5.592913676168025000000000000000E+14
        4.769999999999869899625082325656   -6.135244380343935000000000000000E+14
        4.779999999999869686462261597626   -6.731551492119455000000000000000E+14
        4.789999999999869473299440869596   -7.387338862141397500000000000000E+14
        4.799999999999869260136620141566   -8.108684432161522500000000000000E+14
        4.809999999999869046973799413536   -8.902301409135990000000000000000E+14
        4.819999999999868833810978685506   -9.775606090852135000000000000000E+14
        4.829999999999868620648157957476   -1.073679308030079250000000000000E+15
        4.839999999999868407485337229446   -1.179491870922597250000000000000E+15
        4.849999999999868194322516501416   -1.295999358405517750000000000000E+15
        4.859999999999867981159695773385   -1.424308527085924250000000000000E+15
        4.869999999999867767996875045355   -1.565643225135895250000000000000E+15
        4.879999999999867554834054317325   -1.721357041068429250000000000000E+15
        4.889999999999867341671233589295   -1.892947346116426250000000000000E+15
        4.899999999999867128508412861265   -2.082070886663090750000000000000E+15
        4.909999999999866915345592133235   -2.290561101051975000000000000000E+15
        4.919999999999866702182771405205   -2.520447355063340000000000000000E+15
        4.929999999999866489019950677175   -2.773976312626245000000000000000E+15
        4.939999999999866275857129949145   -3.053635683217878000000000000000E+15
        4.949999999999866062694309221115   -3.362180615191341000000000000000E+15
        4.959999999999865849531488493085   -3.702663035315730000000000000000E+15
        4.969999999999865636368667765055   -4.078464269494865000000000000000E+15
        4.979999999999865423205847037025   -4.493331318387211000000000000000E+15
        4.989999999999865210043026308995   -4.951417204965583000000000000000E+15
        4.999999999999864996880205580965   -5.457325859476391000000000000000E+15
        5.009999999999864783717384852935   -6.016162061395775000000000000000E+15
        5.019999999999864570554564124905   -6.633587018519781000000000000000E+15
        5.029999999999864357391743396875   -7.315880231037005000000000000000E+15
        5.039999999999864144228922668844   -8.070008364177987000000000000000E+15
        5.049999999999863931066101940814   -8.903701937784741000000000000000E+15
        5.059999999999863717903281212784   -9.825540735983252000000000000000E+15
        5.069999999999863504740460484754   -1.084504894629209600000000000000E+16
        5.079999999999863291577639756724   -1.197280115633192000000000000000E+16
        5.089999999999863078414819028694   -1.322054046935207600000000000000E+16
        5.099999999999862865251998300664   -1.460131014879103200000000000000E+16
        5.109999999999862652089177572634   -1.612960036897765200000000000000E+16
        5.119999999999862438926356844604   -1.782151183604323200000000000000E+16
        5.129999999999862225763536116574   -1.969493825260079600000000000000E+16
        5.139999999999862012600715388544   -2.176976983451462400000000000000E+16
        5.149999999999861799437894660514   -2.406812035122734000000000000000E+16
        5.159999999999861586275073932484   -2.661458045611752000000000000000E+16
        5.169999999999861373112253204454   -2.943650040414527600000000000000E+16
        5.179999999999861159949432476424   -3.256430562501263200000000000000E+16
        5.189999999999860946786611748394   -3.603184903617683200000000000000E+16
        5.199999999999860733623791020364   -3.987680444688552800000000000000E+16
        5.209999999999860520460970292334   -4.414110592822982400000000000000E+16
        5.219999999999860307298149564303   -4.887143861209892000000000000000E+16
        5.229999999999860094135328836273   -5.411978704182324800000000000000E+16
        5.239999999999859880972508108243   -5.994404793816588000000000000000E+16
        5.249999999999859667809687380213   -6.640871507625108800000000000000E+16
        5.259999999999859454646866652183   -7.358564490336368000000000000000E+16
        5.269999999999859241484045924153   -8.155491257711188800000000000000E+16
        5.279999999999859028321225196123   -9.040576928263961600000000000000E+16
        5.289999999999858815158404468093   -1.002377130126532960000000000000E+17
        5.299999999999858601995583740063   -1.111616864833119680000000000000E+17
        5.309999999999858388832763012033   -1.233014175331687200000000000000E+17
        5.319999999999858175669942284003   -1.367949192346323840000000000000E+17
        5.329999999999857962507121555973   -1.517961690641032960000000000000E+17
        5.339999999999857749344300827943   -1.684769888576475520000000000000E+17
        5.349999999999857536181480099913   -1.870291499572291200000000000000E+17
        5.359999999999857323018659371883   -2.076667309658296320000000000000E+17
        5.369999999999857109855838643853   -2.306287589208075520000000000000E+17
        5.379999999999856896693017915823   -2.561821685116209280000000000000E+17
        5.389999999999856683530197187793   -2.846251182647971840000000000000E+17
        5.399999999999856470367376459762   -3.162907074570145280000000000000E+17
        5.409999999999856257204555731732   -3.515511429655334400000000000000E+17
        5.419999999999856044041735003702   -3.908224114021002240000000000000E+17
        5.429999999999855830878914275672   -4.345695187901117440000000000000E+17
        5.439999999999855617716093547642   -4.833123678350110720000000000000E+17
        5.449999999999855404553272819612   -5.376323516173053440000000000000E+17
        5.459999999999855191390452091582   -5.981797524336765440000000000000E+17
        5.469999999999854978227631363552   -6.656820456684531200000000000000E+17
        5.479999999999854765064810635522   -7.409532211581255680000000000000E+17
        5.489999999999854551901989907492   -8.249042486998612480000000000000E+17
        5.499999999999854338739169179462   -9.185548303595087360000000000000E+17
        5.509999999999854125576348451432   -1.023046600291183872000000000000E+18
