       -5.500000000000000000000000000000    0.000000000000000000000000000000E+00
       -5.400000000000000355271367880050    9.999999999999999547481118258863E-08
       -5.300000000000000710542735760100    3.089440000000000696896151897164E-07
       -5.200000000000001065814103640150    8.414883033600004754145652331732E-07
       -5.100000000000001421085471520200    2.220771797092968701946465170938E-06
       -5.000000000000001776356839400250    5.744965523330211166314843845848E-06
       -4.900000000000002131628207280301    1.459037611589683251626676369073E-05
       -4.800000000000002486899575160351    3.638387008875495858255949555016E-05
       -4.700000000000002842170943040401    8.908327866980514137158764231827E-05
       -4.600000000000003197442310920451    2.141396895176179873514221707609E-04
       -4.500000000000003552713678800501    5.053342370807798909423946831510E-04
       -4.400000000000003907985046680551    1.170597400300619041549343712916E-03
       -4.300000000000004263256414560601    2.661646793588528809443305434002E-03
       -4.200000000000004618527782440651    5.939832309963525257268113222153E-03
       -4.100000000000004973799150320701    1.300905639984965486699586278974E-02
       -4.000000000000005329070518200751    2.795968721902072212648349136543E-02
       -3.900000000000005240252676230739    5.896588882684229704356226875461E-02
       -3.800000000000005151434834260726    1.220165130587231305803186387493E-01
       -3.700000000000005062616992290714    2.477152957554749623803047597903E-01
       -3.600000000000004973799150320701    4.933677332688583550002192623651E-01
       -3.500000000000004884981308350689    9.639169183155189557510311715305E-01
       -3.400000000000004796163466380676    1.847253884461618644863278859702E+00
       -3.300000000000004707345624410664    3.472152449985992817005353572313E+00
       -3.200000000000004618527782440651    6.400635931333111372509847569745E+00
       -3.100000000000004529709940470639    1.157087814127034697264662099769E+01
       -3.000000000000004440892098500626    2.051137528475912574776884866878E+01
       -2.900000000000004352074256530614    3.565123049431352342253376264125E+01
       -2.800000000000004263256414560601    6.075346555319892161151074105874E+01
       -2.700000000000004174438572590589    1.014960727840999084037321154028E+02
       -2.600000000000004085620730620576    1.662161122495167546730954200029E+02
       -2.500000000000003996802888650564    2.668122373828694549047213513404E+02
       -2.400000000000003907985046680551    4.197675959802367060547112487257E+02
       -2.300000000000003819167204710538    6.472065168083374828711384907365E+02
       -2.200000000000003730349362740526    9.778360446763600748454337008297E+02
       -2.100000000000003641531520770513    1.447552971539148757074144668877E+03
       -2.000000000000003552713678800501    2.099429964340424703550525009632E+03
       -1.900000000000003463895836830488    2.982748116410590228042565286160E+03
       -1.800000000000003375077994860476    4.150739748710983803903218358755E+03
       -1.700000000000003286260152890463    5.656767626146402108133770525455E+03
       -1.600000000000003197442310920451    7.548813326390051770431455224752E+03
       -1.500000000000003108624468950438    9.862384762779323864378966391087E+03
       -1.400000000000003019806626980426    1.261226810107395431259647011757E+04
       -1.300000000000002930988785010413    1.578390568466849981632549315691E+04
       -1.200000000000002842170943040401    1.932551801751168022747151553631E+04
       -1.100000000000002753353101070388    2.314232572692423127591609954834E+04
       -1.000000000000002664535259100376    2.709428461858201990253292024136E+04
       -0.900000000000002686739719592879    3.099855756931110954610630869865E+04
       -0.800000000000002708944180085382    3.463748286724690115079283714294E+04
       -0.700000000000002731148640577885    3.777208641463558160467073321342E+04
       -0.600000000000002753353101070388    4.016031353447107539977878332138E+04
       -0.500000000000002775557561562891    4.157826747931374848121777176857E+04
       -0.400000000000002797762022055394    4.184200871893066505435854196548E+04
       -0.300000000000002819966482547898    4.082705817209705855930224061012E+04
       -0.200000000000002814415367424772    3.848277861117997963447123765945E+04
       -0.100000000000002808864252301646    3.483932044434946874389424920082E+04
       -0.000000000000002803313137178520    3.000575109113998769316822290421E+04
        0.099999999999997202237977944606    2.415918758109361806418746709824E+04
        0.199999999999997207789093067731    1.752600092340683477232232689857E+04
        0.299999999999997213340208190857    1.035721967750073963543400168419E+04
        0.399999999999997246646898929612    2.900922013347222673473879694939E+03
        0.499999999999997224442438437109   -4.625461926648763437697198241949E+03
        0.599999999999997202237977944606   -1.206044673897416942054405808449E+04
        0.699999999999997180033517452102   -1.931983144678011012729257345200E+04
        0.799999999999997157829056959599   -2.641383839740161056397482752800E+04
        0.899999999999997135624596467096   -3.346135699244368151994422078133E+04
        0.999999999999997113420135974593   -4.070428991232161206426098942757E+04
        1.099999999999997202237977944606   -4.852685192055098741548135876656E+04
        1.199999999999997291055819914618   -5.748688333779806998791173100471E+04
        1.299999999999997379873661884631   -6.836927613386110169813036918640E+04
        1.399999999999997468691503854643   -8.227632570608615060336887836456E+04
        1.499999999999997557509345824656   -1.007776853057390544563531875610E+05
        1.599999999999997646327187794668   -1.261561141506555723026394844055E+05
        1.699999999999997735145029764681   -1.618086969320014468394219875336E+05
        1.799999999999997823962871734693   -2.129043017485374584794044494629E+05
        1.899999999999997912780713704706   -2.874704767898321733810007572174E+05
        1.999999999999998001598555674718   -3.982119366303592687472701072693E+05
        2.099999999999997868371792719699   -5.655950623371885158121585845947E+05
        2.199999999999997957189634689712   -8.231566647830588044598698616028E+05
        2.299999999999998046007476659724   -1.226779185828034998849034309387E+06
        2.399999999999998134825318629737   -1.871144854299904312938451766968E+06
        2.499999999999998223643160599750   -2.919378428123864345252513885498E+06
        2.599999999999998312461002569762   -4.657285961807804182171821594238E+06
        2.699999999999998401278844539775   -7.594165193499543704092502593994E+06
        2.799999999999998490096686509787   -1.265315794686279259622097015381E+07
        2.899999999999998578914528479800   -2.153644115808584913611412048340E+07
        2.999999999999998667732370449812   -3.743715835625959187746047973633E+07
        3.099999999999998756550212419825   -6.644986589712968468666076660156E+07
        3.199999999999998845368054389837   -1.204105110904181301593780517578E+08
        3.299999999999998934185896359850   -2.227087518558440506458282470703E+08
        3.399999999999999023003738329862   -4.203797885160166025161743164062E+08
        3.499999999999999111821580299875   -8.096767479733301401138305664062E+08
        3.599999999999999200639422269887   -1.591051575869248867034912109375E+09
        3.699999999999999289457264239900   -3.189335924879475116729736328125E+09
        3.799999999999999378275106209912   -6.520832988906202316284179687500E+09
        3.899999999999999467092948179925   -1.359685318848242759704589843750E+10
        3.999999999999999555910790149937   -2.891039092376884460449218750000E+10
        4.099999999999999644728632119950   -6.267569656224149322509765625000E+10
        4.199999999999999289457264239900   -1.385239719004655761718750000000E+11
        4.299999999999998934185896359850   -3.120925979761540527343750000000E+11
        4.399999999999998578914528479800   -7.166846487777106933593750000000E+11
        4.499999999999998223643160599750   -1.677309317486966064453125000000E+12
        4.599999999999997868371792719699   -4.000311706231833007812500000000E+12
        4.699999999999997513100424839649   -9.721338870718263671875000000000E+12
        4.799999999999997157829056959599   -2.406947100263490625000000000000E+13
        4.899999999999996802557689079549   -6.071170995603207812500000000000E+13
        4.999999999999996447286321199499   -1.559917468533631875000000000000E+14
        5.099999999999996092014953319449   -4.082369191044223125000000000000E+14
        5.199999999999995736743585439399   -1.088085769902217000000000000000E+15
        5.299999999999995381472217559349   -2.953338781862280500000000000000E+15
        5.399999999999995026200849679299   -8.162480096198087000000000000000E+15
        5.499999999999994670929481799249   -2.296939200684744000000000000000E+16
        5.599999999999994315658113919199   -6.580447481993226400000000000000E+16
