       -5.500000000000000000000000000000    0.000000000000000000000000000000E+00
       -5.490000000000000000000000000000    1.000000000000000000000000000000E-07
       -5.480000000000000000000000000000    2.011670560000000000000000000000E-07
       -5.470000000000000000000000000000    3.046730330800185600000000000000E-07
       -5.460000000000000000000000000000    4.117080500891242981812224000000E-07
       -5.450000000000000000000000000000    5.234939309714284772888771977626E-07
       -5.440000000000000000000000000000    6.412978143251512427428885615702E-07
       -5.430000000000000000000000000000    7.664460711157387972832388726249E-07
       -5.420000000000000000000000000000    9.003386804738429711322417646478E-07
       -5.410000000000000000000000000000    1.044464215152287873607664108961E-06
       -5.400000000000000000000000000000    1.200415591460373040303221869381E-06
       -5.390000000000000000000000000000    1.369906743324281705009889342039E-06
       -5.380000000000000000000000000000    1.554790386541260930839120732927E-06
       -5.370000000000000000000000000000    1.757077047321258336868983336437E-06
       -5.360000000000000000000000000000    1.978955538877379130456935952705E-06
       -5.350000000000000000000000000000    2.222815081186026524998525939374E-06
       -5.340000000000000000000000000000    2.491269272154568076069675616093E-06
       -5.330000000000000000000000000000    2.787182133390026390292542214665E-06
       -5.320000000000000000000000000000    3.113696470653541824663931139527E-06
       -5.310000000000000000000000000000    3.474264808025159741404977533033E-06
       -5.300000000000000000000000000000    3.872683175921326958432786313776E-06
       -5.290000000000000000000000000000    4.313128056549919452466586028906E-06
       -5.280000000000000000000000000000    4.800196816319083003800880947029E-06
       -5.270000000000000000000000000000    5.338951983319771260523582078801E-06
       -5.260000000000000000000000000000    5.934969759480436724714753258745E-06
       -5.250000000000000000000000000000    6.594393191569535486610742033653E-06
       -5.240000000000000000000000000000    7.323990463143129966215369823268E-06
       -5.230000000000000000000000000000    8.131218811070237840484695398247E-06
       -5.220000000000000000000000000000    9.024294615712110629016776670914E-06
       -5.210000000000000000000000000000    1.001227026350459660140802352772E-05
       -5.200000000000000000000000000000    1.110511843494513512044105858617E-05
       -5.190000000000000000000000000000    1.231382453019850664296403593828E-05
       -5.180000000000000000000000000000    1.365048800912200171947644405487E-05
       -5.170000000000000000000000000000    1.512843349292038914890536458838E-05
       -5.160000000000000000000000000000    1.676233255136123541873025691950E-05
       -5.150000000000000000000000000000    1.856833718303992803709342029051E-05
       -5.140000000000000000000000000000    2.056422608715331088914662987983E-05
       -5.130000000000000000000000000000    2.276956492424052415713554015794E-05
       -5.120000000000000000000000000000    2.520588187104962118065829849710E-05
       -5.110000000000000000000000000000    2.789685989181358157887833098396E-05
       -5.100000000000000000000000000000    3.086854727555292696037766878852E-05
       -5.090000000000000000000000000000    3.414958812741084457682020585372E-05
       -5.080000000000000000000000000000    3.777147465238492473655020232073E-05
       -5.070000000000000000000000000000    4.176882323313458590673441295689E-05
       -5.060000000000000000000000000000    4.617967648088056217586154920381E-05
       -5.050000000000000000000000000000    5.104583363092213225970537480896E-05
       -5.040000000000000000000000000000    5.641321186321907199709253787756E-05
       -5.030000000000000000000000000000    6.233224135515558386696198957187E-05
       -5.020000000000000000000000000000    6.885829711946375969965488261933E-05
       -5.010000000000000000000000000000    7.605217094688722763796929656659E-05
       -5.000000000000000000000000000000    8.398058706218411117570227316781E-05
       -4.990000000000000000000000000000    9.271676541530338885573207154135E-05
       -4.980000000000000000000000000000    1.023410368689590749641198309061E-04
       -4.970000000000000000000000000000    1.129415149114589131384123379491E-04
       -4.960000000000000000000000000000    1.246148289217632959869631493267E-04
       -4.950000000000000000000000000000    1.374669244447702065575730399191E-04
       -4.940000000000000000000000000000    1.516139364013389413107222193359E-04
       -4.930000000000000000000000000000    1.671831416623693398153848450300E-04
       -4.920000000000000000000000000000    1.843139979623422638284893879461E-04
       -4.910000000000000000000000000000    2.031592767183216291365115608928E-04
       -4.900000000000000000000000000000    2.238862979589767767022477585210E-04
       -4.890000000000000000000000000000    2.466782762584190772339351957656E-04
       -4.880000000000000000000000000000    2.717357873155428999179914512777E-04
       -4.870000000000000000000000000000    2.992783656253933329086617254903E-04
       -4.860000000000000000000000000000    3.295462445594363476831981714541E-04
       -4.850000000000000000000000000000    3.628022511113975955967172485178E-04
       -4.840000000000000000000000000000    3.993338685798332522977446708001E-04
       -4.830000000000000000000000000000    4.394554815534468667435987257631E-04
       -4.820000000000000000000000000000    4.835108187464187433345467606159E-04
       -4.810000000000000000000000000000    5.318756105051464507578366772187E-04
       -4.800000000000000000000000000000    5.849604791817410298437319396297E-04
       -4.790000000000000000000000000000    6.432140820508046399389676112086E-04
       -4.780000000000000000000000000000    7.071265280423715370632727344787E-04
       -4.770000000000000000000000000000    7.772330912839172702087758190628E-04
       -4.760000000000000000000000000000    8.541182462971102107913685294263E-04
       -4.750000000000000000000000000000    9.384200516901994781783470092782E-04
       -4.740000000000000000000000000000    1.030834911334973263741947697498E-03
       -4.730000000000000000000000000000    1.132122744329157511771603025041E-03
       -4.720000000000000000000000000000    1.243112597532784000679338165324E-03
       -4.710000000000000000000000000000    1.364708737143064103992229446007E-03
       -4.700000000000000000000000000000    1.497897258650132251030072320496E-03
       -4.690000000000000000000000000000    1.643753257610043182493716351787E-03
       -4.680000000000000000000000000000    1.803448606996945807126320678783E-03
       -4.670000000000000000000000000000    1.978260390469752551636425540655E-03
       -4.660000000000000000000000000000    2.169580044727288812079017784551E-03
       -4.650000000000000000000000000000    2.378923268248392551599075260790E-03
       -4.640000000000000000000000000000    2.607940758139494877135069473214E-03
       -4.630000000000000000000000000000    2.858429841562880966313697054222E-03
       -4.620000000000000000000000000000    3.132347073316491077953186306478E-03
       -4.610000000000000000000000000000    3.431821876604588036255554314573E-03
       -4.600000000000000000000000000000    3.759171309903218100423604437033E-03
       -4.590000000000000000000000000000    4.116916049112054020993163672473E-03
       -4.580000000000000000000000000000    4.507797680923550899895536042587E-03
       -4.570000000000000000000000000000    4.934797410561772401086195409866E-03
       -4.560000000000000000000000000000    5.401156294779048909064334097943E-03
       -4.550000000000000000000000000000    5.910397119283094197951098160158E-03
       -4.540000000000000000000000000000    6.466348048636718551608037669176E-03
       -4.530000000000000000000000000000    7.073168186165436297298025224609E-03
       -4.520000000000000000000000000000    7.735375191566013661840182804444E-03
       -4.510000000000000000000000000000    8.457875114774740825908733978738E-03
       -4.500000000000000000000000000000    9.245994616273936339201015474732E-03
       -4.490000000000000000000000000000    1.010551575643763034943659646067E-02
       -4.480000000000000000000000000000    1.104271354979412759161094281150E-02
       -4.470000000000000000000000000000    1.206439649426884775339808249915E-02
       -4.460000000000000000000000000000    1.317795030062328496158125872096E-02
       -4.450000000000000000000000000000    1.439138506348626629580224393511E-02
       -4.440000000000000000000000000000    1.571338613264657786515615394916E-02
       -4.430000000000000000000000000000    1.715336896170980769388968782326E-02
       -4.420000000000000000000000000000    1.872153823088913644712735157889E-02
       -4.410000000000000000000000000000    2.042895156167605547716962760971E-02
       -4.400000000000000000000000000000    2.228758816350312534027610409195E-02
       -4.390000000000000000000000000000    2.431042277635188196851447629930E-02
       -4.380000000000000000000000000000    2.651150529866449481164711160920E-02
       -4.370000000000000000000000000000    2.890604651698231025973950575604E-02
       -4.360000000000000000000000000000    3.151051038255761532069259053117E-02
       -4.350000000000000000000000000000    3.434271331087181729061444893510E-02
       -4.340000000000000000000000000000    3.742193101265432832845347244901E-02
       -4.330000000000000000000000000000    4.076901339974817854229443278058E-02
       -4.320000000000000000000000000000    4.440650814613325894123643158285E-02
       -4.310000000000000000000000000000    4.835879352372497463149142485077E-02
       -4.300000000000000000000000000000    5.265222117435045578278681122616E-02
       -4.290000000000000000000000000000    5.731526952370872410769559232783E-02
       -4.280000000000000000000000000000    6.237870859029493588912694899056E-02
       -4.270000000000000000000000000000    6.787577699236909833508772498682E-02
       -4.260000000000000000000000000000    7.384237200924135447663557021541E-02
       -4.250000000000000000000000000000    8.031725360960202255758788872802E-02
       -4.240000000000000000000000000000    8.734226341952644311592705202920E-02
       -4.230000000000000000000000000000    9.496255966632245131890940310910E-02
       -4.220000000000000000000000000000    1.032268692017611384693482812226E-01
       -4.210000000000000000000000000000    1.121877577796480778526238603118E-01
       -4.200000000000000000000000000000    1.219019198383706862898330970486E-01
       -4.190000000000000000000000000000    1.324304891192262751428349023336E-01
       -4.180000000000000000000000000000    1.438393715362334439681701826349E-01
       -4.170000000000000000000000000000    1.561996018030063993425731817973E-01
       -4.160000000000000000000000000000    1.695877254173882907487458917428E-01
       -4.150000000000000000000000000000    1.840862077051679902497669405399E-01
       -4.140000000000000000000000000000    1.997838717306290032795926311317E-01
       -4.130000000000000000000000000000    2.167763669941956997803138863007E-01
       -4.120000000000000000000000000000    2.351666709563596892245305702589E-01
       -4.110000000000000000000000000000    2.550656255527097556014480317125E-01
       -4.100000000000000000000000000000    2.765925109975874367225161750838E-01
       -4.090000000000000000000000000000    2.998756593139958389352950760610E-01
       -4.080000000000000000000000000000    3.250531101752643803027946786219E-01
       -4.070000000000000000000000000000    3.522733117999939461312939519493E-01
       -4.060000000000000000000000000000    3.816958698063671861119746940573E-01
       -4.050000000000000000000000000000    4.134923471054141461699602515776E-01
       -4.040000000000000000000000000000    4.478471180956961877668651999727E-01
       -4.030000000000000000000000000000    4.849582806145488964323901396260E-01
       -4.020000000000000000000000000000    5.250386293039610175892561738526E-01
       -4.010000000000000000000000000000    5.683166942628311550860885174507E-01
       -4.000000000000000000000000000000    6.150378490822232288528944197229E-01
       -3.990000000000000000000000000000    6.654654925968383759749885590419E-01
       -3.980000000000000000000000000000    7.198823089347548265521673257773E-01
       -3.970000000000000000000000000000    7.785916107090950758189182937563E-01
       -3.960000000000000000000000000000    8.419187704702153963441542988922E-01
       -3.950000000000000000000000000000    9.102127458258477055785830078990E-01
       -3.940000000000000000000000000000    9.838477039399467570137139494229E-01
       -3.930000000000000000000000000000    1.063224751439412756103609450493E+00
       -3.920000000000000000000000000000    1.148773776091994488666176160278E+00
       -3.910000000000000000000000000000    1.240955406969172004288285451390E+00
       -3.900000000000000000000000000000    1.340263100175329293227819792877E+00
       -3.890000000000000000000000000000    1.447225357609731929840008587879E+00
       -3.880000000000000000000000000000    1.562408086631415061370797406061E+00
       -3.870000000000000000000000000000    1.686417108919772917609679678117E+00
       -3.860000000000000000000000000000    1.819900827266148198845193356928E+00
       -3.850000000000000000000000000000    1.963553059494790356526934669102E+00
       -3.840000000000000000000000000000    2.118116049195943646095367807535E+00
       -3.830000000000000000000000000000    2.284383663460311752414378104658E+00
       -3.820000000000000000000000000000    2.463204788333513117525136278643E+00
       -3.810000000000000000000000000000    2.655486933262190998461070518368E+00
       -3.800000000000000000000000000000    2.862200056380988930159041599718E+00
       -3.790000000000000000000000000000    3.084380623092471981275149348235E+00
       -3.780000000000000000000000000000    3.323135911021104434625354243313E+00
       -3.770000000000000000000000000000    3.579648575078432820788245796312E+00
       -3.760000000000000000000000000000    3.855181487060525955038426446055E+00
       -3.750000000000000000000000000000    4.151082864911354672119457118083E+00
       -3.740000000000000000000000000000    4.468791707528023296289187030913E+00
       -3.730000000000000000000000000000    4.809843551756467001828481289551E+00
       -3.720000000000000000000000000000    5.175876569030281375423192241171E+00
       -3.710000000000000000000000000000    5.568638019941630883251843574452E+00
       -3.700000000000000000000000000000    5.989991085902568700687463173381E+00
       -3.690000000000000000000000000000    6.441922097958465386929100161817E+00
       -3.680000000000000000000000000000    6.926548183753456550056941628050E+00
       -3.670000000000000000000000000000    7.446125354621740304798108419460E+00
       -3.660000000000000000000000000000    8.003057055789033666821937593492E+00
       -3.650000000000000000000000000000    8.599903203716369255355674499078E+00
       -3.640000000000000000000000000000    9.239389735704499494586086124192E+00
       -3.630000000000000000000000000000    9.924418698002274924545231701585E+00
       -3.620000000000000000000000000000    1.065807889982725318199863684155E+01
       -3.610000000000000000000000000000    1.144365716191222594824232102125E+01
       -3.600000000000000000000000000000    1.228465018943804247741777381626E+01
       -3.590000000000000000000000000000    1.318477710050174554538422390402E+01
       -3.580000000000000000000000000000    1.414799264260026544571551568780E+01
       -3.570000000000000000000000000000    1.517850113098434354460219092177E+01
       -3.560000000000000000000000000000    1.628077114415553466227277817807E+01
       -3.550000000000000000000000000000    1.745955101324157029953525012814E+01
       -3.540000000000000000000000000000    1.871988514349249784132966321297E+01
       -3.530000000000000000000000000000    2.006713120769222661240188800497E+01
       -3.520000000000000000000000000000    2.150697825287772362471063805329E+01
       -3.510000000000000000000000000000    2.304546576340134914376070596040E+01
       -3.500000000000000000000000000000    2.468900372506086337274769266956E+01
       -3.490000000000000000000000000000    2.644439373675654233959311043550E+01
       -3.480000000000000000000000000000    2.831885121791559184371508655677E+01
       -3.470000000000000000000000000000    3.032002876175052132159564519875E+01
       -3.460000000000000000000000000000    3.245604068629010583781419253876E+01
       -3.450000000000000000000000000000    3.473548883703868084777237592127E+01
       -3.440000000000000000000000000000    3.716748969708131581782503993525E+01
       -3.430000000000000000000000000000    3.976170286245830459938038684052E+01
       -3.420000000000000000000000000000    4.252836094268166054965106250830E+01
       -3.410000000000000000000000000000    4.547830094835803509149293638111E+01
       -3.400000000000000000000000000000    4.862299723001565808281061960468E+01
       -3.390000000000000000000000000000    5.197459603440633290302860188922E+01
       -3.380000000000000000000000000000    5.554595174676584320377385358712E+01
       -3.370000000000000000000000000000    5.935066488976579629435307184776E+01
       -3.360000000000000000000000000000    6.340312195217520536245603047502E+01
       -3.350000000000000000000000000000    6.771853712256906587727923924308E+01
       -3.340000000000000000000000000000    7.231299600577166938771899993553E+01
       -3.330000000000000000000000000000    7.720350140210206188176530670496E+01
       -3.320000000000000000000000000000    8.240802123189530821822703041227E+01
       -3.310000000000000000000000000000    8.794553869020324639194929463315E+01
       -3.300000000000000000000000000000    9.383610471902913647798740010241E+01
       -3.290000000000000000000000000000    1.001008928869187035214651784428E+02
       -3.280000000000000000000000000000    1.067622567682119496078061566685E+02
       -3.270000000000000000000000000000    1.138437899167518999145456324921E+02
       -3.260000000000000000000000000000    1.213703885313439967688870295933E+02
       -3.250000000000000000000000000000    1.293683169127587149002807225851E+02
       -3.240000000000000000000000000000    1.378652758145653850088793544475E+02
       -3.230000000000000000000000000000    1.468904737925721112640626080892E+02
       -3.220000000000000000000000000000    1.564747016601196567574101806423E+02
       -3.210000000000000000000000000000    1.666504101589305209580870339746E+02
       -3.200000000000000000000000000000    1.774517909576420739066489292673E+02
       -3.190000000000000000000000000000    1.889148610925481209260768933533E+02
       -3.180000000000000000000000000000    2.010775509674298669546176535632E+02
       -3.170000000000000000000000000000    2.139797960316677813366228193181E+02
       -3.160000000000000000000000000000    2.276636322580828067234493870478E+02
       -3.150000000000000000000000000000    2.421732955441508016833845950841E+02
       -3.140000000000000000000000000000    2.575553251623597584271757584441E+02
       -3.130000000000000000000000000000    2.738586713875265020044222778403E+02
       -3.120000000000000000000000000000    2.911348074308491617210288258749E+02
       -3.110000000000000000000000000000    3.094378458123342098348242556253E+02
       -3.100000000000000000000000000000    3.288246593049923772851451738485E+02
       -3.090000000000000000000000000000    3.493550065858359584264080043342E+02
       -3.080000000000000000000000000000    3.710916627302201676986788846025E+02
       -3.070000000000000000000000000000    3.941005546874421545850812076116E+02
       -3.060000000000000000000000000000    4.184509018767314445749464134385E+02
       -3.050000000000000000000000000000    4.442153620438229608086081931749E+02
       -3.040000000000000000000000000000    4.714701825191859848287012857437E+02
       -3.030000000000000000000000000000    5.002953570196766127596224234071E+02
       -3.020000000000000000000000000000    5.307747881358742225912300181908E+02
       -3.010000000000000000000000000000    5.629964556476405514060399700354E+02
       -3.000000000000000000000000000000    5.970525908104891521935513625183E+02
       -2.990000000000000000000000000000    6.330398567551588315144836652703E+02
       -2.980000000000000000000000000000    6.710595351423323535735231086986E+02
       -2.970000000000000000000000000000    7.112177192137160546836365126288E+02
       -2.960000000000000000000000000000    7.536255133796815082233564461939E+02
       -2.950000000000000000000000000000    7.983992394823511338899927849862E+02
       -2.940000000000000000000000000000    8.456606498713694485136489188976E+02
       -2.930000000000000000000000000000    8.955371474276239911651107201799E+02
       -2.920000000000000000000000000000    9.481620126678480147404985996580E+02
       -2.910000000000000000000000000000    1.003674638060333742943500731291E+03
       -2.900000000000000000000000000000    1.062220769678893023851175299535E+03
       -2.890000000000000000000000000000    1.123952756318704027871705266783E+03
       -2.880000000000000000000000000000    1.189029806193760506071825888379E+03
       -2.870000000000000000000000000000    1.257618251331276150048057583315E+03
       -2.860000000000000000000000000000    1.329891819773572752650206098504E+03
       -2.850000000000000000000000000000    1.406031915692679040673409822904E+03
       -2.840000000000000000000000000000    1.486227907517069058364501692215E+03
       -2.830000000000000000000000000000    1.570677424163656627017870430790E+03
       -2.820000000000000000000000000000    1.659586659461317515751728629950E+03
       -2.810000000000000000000000000000    1.753170684844815422116656928385E+03
       -2.800000000000000000000000000000    1.851653770390043680697148012941E+03
       -2.790000000000000000000000000000    1.955269714252943955962278819674E+03
       -2.780000000000000000000000000000    2.064262180565308406399756462214E+03
       -2.770000000000000000000000000000    2.178885045830895569434193824491E+03
       -2.760000000000000000000000000000    2.299402753854875470578001232108E+03
       -2.750000000000000000000000000000    2.426090679228549544559557648231E+03
       -2.740000000000000000000000000000    2.559235499379549649440986653462E+03
       -2.730000000000000000000000000000    2.699135575185292038395094109423E+03
       -2.720000000000000000000000000000    2.846101340134331477435630706941E+03
       -2.710000000000000000000000000000    3.000455698006413246364849299199E+03
       -2.700000000000000000000000000000    3.162534429027442725555509559493E+03
       -2.690000000000000000000000000000    3.332686604440270621633676946810E+03
       -2.680000000000000000000000000000    3.511275009416114441152622958604E+03
       -2.670000000000000000000000000000    3.698676574214592331274284407919E+03
       -2.660000000000000000000000000000    3.895282813482723624455248292383E+03
       -2.650000000000000000000000000000    4.101500273564842189907193056483E+03
       -2.640000000000000000000000000000    4.317750987676166014917776392526E+03
       -2.630000000000000000000000000000    4.544472938772762570701097723165E+03
       -2.620000000000000000000000000000    4.782120529929839051346395804906E+03
       -2.610000000000000000000000000000    5.031165062018665521612424670986E+03
       -2.600000000000000000000000000000    5.292095218450004887306710729108E+03
       -2.590000000000000000000000000000    5.565417556728675522445309673341E+03
       -2.580000000000000000000000000000    5.851657006539811144324483283514E+03
       -2.570000000000000000000000000000    6.151357374062510686167615162054E+03
       -2.560000000000000000000000000000    6.465081852180892902373499416344E+03
       -2.550000000000000000000000000000    6.793413536236092628003006355215E+03
       -2.540000000000000000000000000000    7.136955944935466414470317145437E+03
       -2.530000000000000000000000000000    7.496333546007225216399398096527E+03
       -2.520000000000000000000000000000    7.872192286159893663400246108297E+03
       -2.510000000000000000000000000000    8.265200124876424269153191752199E+03
       -2.500000000000000000000000000000    8.676047571542488149048677645179E+03
       -2.490000000000000000000000000000    9.105448225377441347301615192383E+03
       -2.480000000000000000000000000000    9.554139317604750177695292049468E+03
       -2.470000000000000000000000000000    1.002288225526627515357190867770E+04
       -2.460000000000000000000000000000    1.051246316605178892614380744694E+04
       -2.450000000000000000000000000000    1.102369344348146975283020677324E+04
       -2.440000000000000000000000000000    1.155741029174490182077721926853E+04
       -2.430000000000000000000000000000    1.211447726946536361856685722653E+04
       -2.420000000000000000000000000000    1.269578483162293483034270272317E+04
       -2.410000000000000000000000000000    1.330225086883424331469574853324E+04
       -2.400000000000000000000000000000    1.393482124315055211812955328023E+04
       -2.390000000000000000000000000000    1.459447031949940080046139210033E+04
       -2.380000000000000000000000000000    1.528220149185821744983744671266E+04
       -2.370000000000000000000000000000    1.599904770321126270077023363497E+04
       -2.360000000000000000000000000000    1.674607195830401316385972140277E+04
       -2.350000000000000000000000000000    1.752436782817170054113140081432E+04
       -2.340000000000000000000000000000    1.833505994538125925089143737866E+04
       -2.330000000000000000000000000000    1.917930448888846784983023523776E+04
       -2.320000000000000000000000000000    2.005828965737466946389350159175E+04
       -2.310000000000000000000000000000    2.097323612989019868035841477114E+04
       -2.300000000000000000000000000000    2.192539751259460506536175592170E+04
       -2.290000000000000000000000000000    2.291606077034702808064407493012E+04
       -2.280000000000000000000000000000    2.394654664186372934744381398620E+04
       -2.270000000000000000000000000000    2.501821003712391380868024352705E+04
       -2.260000000000000000000000000000    2.613244041566966238182731398146E+04
       -2.250000000000000000000000000000    2.729066214441114926462795253621E+04
       -2.240000000000000000000000000000    2.849433483351442425185987306824E+04
       -2.230000000000000000000000000000    2.974495364891600426391218785275E+04
       -2.220000000000000000000000000000    3.104404959997644162307365616452E+04
       -2.210000000000000000000000000000    3.239318980075402500518918413298E+04
       -2.200000000000000000000000000000    3.379397770334993060477298573663E+04
       -2.190000000000000000000000000000    3.524805330174758650893161757510E+04
       -2.180000000000000000000000000000    3.675709330454185552958881702075E+04
       -2.170000000000000000000000000000    3.832281127492799590979842123870E+04
       -2.160000000000000000000000000000    3.994695773629634250969194052160E+04
       -2.150000000000000000000000000000    4.163132024175638221628456943565E+04
       -2.140000000000000000000000000000    4.337772340589349695391119426645E+04
       -2.130000000000000000000000000000    4.518802889704323775551044291220E+04
       -2.120000000000000000000000000000    4.706413538835169703819975564449E+04
       -2.110000000000000000000000000000    4.900797846587648761733432699311E+04
       -2.100000000000000000000000000000    5.102153049197114091245579468843E+04
       -2.090000000000000000000000000000    5.310680042218652852208944674701E+04
       -2.080000000000000000000000000000    5.526583357391631633237914016353E+04
       -2.070000000000000000000000000000    5.750071134500960393855073741686E+04
       -2.060000000000000000000000000000    5.981355088057290936612637930200E+04
       -2.050000000000000000000000000000    6.220650468618565414850701085957E+04
       -2.040000000000000000000000000000    6.468176018575840999875228313280E+04
       -2.030000000000000000000000000000    6.724153922227150750884752493953E+04
       -2.020000000000000000000000000000    6.988809749964329973567338500805E+04
       -2.010000000000000000000000000000    7.262372396399253736941437666536E+04
       -2.000000000000000000000000000000    7.545074012257806321218103937426E+04
       -1.990000000000000000000000000000    7.837149929872148494380504429373E+04
       -1.980000000000000000000000000000    8.138838582104474650000172272832E+04
       -1.970000000000000000000000000000    8.450381414538469619347074324872E+04
       -1.960000000000000000000000000000    8.772022790778094641427880904614E+04
       -1.950000000000000000000000000000    9.104009890697163348328787527094E+04
       -1.940000000000000000000000000000    9.446592601487421041821013125650E+04
       -1.930000000000000000000000000000    9.800023401357522830140824302839E+04
       -1.920000000000000000000000000000    1.016455723574042663752627182833E+05
       -1.910000000000000000000000000000    1.054045138587228337533888421627E+05
       -1.900000000000000000000000000000    1.092796532961192571834447019016E+05
       -1.890000000000000000000000000000    1.132736059437653533146806900583E+05
       -1.880000000000000000000000000000    1.173890060207601169071265462636E+05
       -1.870000000000000000000000000000    1.216285050593597872647619403686E+05
       -1.860000000000000000000000000000    1.259947701910725247670761599583E+05
       -1.850000000000000000000000000000    1.304904823496795701813360735947E+05
       -1.840000000000000000000000000000    1.351183343903331951155444153928E+05
       -1.830000000000000000000000000000    1.398810291239749969651502658955E+05
       -1.820000000000000000000000000000    1.447812772664161508677717665638E+05
       -1.810000000000000000000000000000    1.498217953015240993939999992304E+05
       -1.800000000000000000000000000000    1.550053032580678225206898654962E+05
       -1.790000000000000000000000000000    1.603345223998862597232620810632E+05
       -1.780000000000000000000000000000    1.658121728291616156296357037344E+05
       -1.770000000000000000000000000000    1.714409710027011220983526771277E+05
       -1.760000000000000000000000000000    1.772236271612572926620855961475E+05
       -1.750000000000000000000000000000    1.831628426720477179181562015830E+05
       -1.740000000000000000000000000000    1.892613072847709283420935687463E+05
       -1.730000000000000000000000000000    1.955216963015546973814832974834E+05
       -1.720000000000000000000000000000    2.019466676614172631029408636009E+05
       -1.710000000000000000000000000000    2.085388589399701887749381888712E+05
       -1.700000000000000000000000000000    2.153008842652438261686738238024E+05
       -1.690000000000000000000000000000    2.222353311506724414281583794787E+05
       -1.680000000000000000000000000000    2.293447572464358501411258099367E+05
       -1.670000000000000000000000000000    2.366316870105177103446684661265E+05
       -1.660000000000000000000000000000    2.440986083010072507394076909384E+05
       -1.650000000000000000000000000000    2.517479688913409639533495490585E+05
       -1.640000000000000000000000000000    2.595821729103534553566645145515E+05
       -1.630000000000000000000000000000    2.676035772091819772578444922259E+05
       -1.620000000000000000000000000000    2.758144876572469534680393850558E+05
       -1.610000000000000000000000000000    2.842171553697107540501633975878E+05
       -1.600000000000000000000000000000    2.928137728689988452508512416223E+05
       -1.590000000000000000000000000000    3.016064701831509328382728656823E+05
       -1.580000000000000000000000000000    3.105973108839545432625319214841E+05
       -1.570000000000000000000000000000    3.197882880679993386362876223548E+05
       -1.560000000000000000000000000000    3.291813202839770187121672751968E+05
       -1.550000000000000000000000000000    3.387782474097385941534372444491E+05
       -1.540000000000000000000000000000    3.485808264828077773109021162463E+05
       -1.530000000000000000000000000000    3.585907274882358752220004201861E+05
       -1.520000000000000000000000000000    3.688095291078695198245680526907E+05
       -1.510000000000000000000000000000    3.792387144352874575160244117953E+05
       -1.500000000000000000000000000000    3.898796666608460597237577189314E+05
       -1.490000000000000000000000000000    4.007336647314548146523664762355E+05
       -1.480000000000000000000000000000    4.118018789898824160666958025631E+05
       -1.470000000000000000000000000000    4.230853667985707684128481547884E+05
       -1.460000000000000000000000000000    4.345850681531078623644902089348E+05
       -1.450000000000000000000000000000    4.463018012906806183825970894915E+05
       -1.440000000000000000000000000000    4.582362582989950200335757362124E+05
       -1.430000000000000000000000000000    4.703890007313127309522975770709E+05
       -1.420000000000000000000000000000    4.827604552334104730384029982109E+05
       -1.410000000000000000000000000000    4.953509091884202994514975604870E+05
       -1.400000000000000000000000000000    5.081605063856550830050694652838E+05
       -1.390000000000000000000000000000    5.211892427196636164566364762369E+05
       -1.380000000000000000000000000000    5.344369619258932437732939075718E+05
       -1.370000000000000000000000000000    5.479033513594644695695736198419E+05
       -1.360000000000000000000000000000    5.615879378236810884962147191105E+05
       -1.350000000000000000000000000000    5.754900834550106014765392519611E+05
       -1.340000000000000000000000000000    5.896089816713726096498039085557E+05
       -1.330000000000000000000000000000    6.039436531906670733432960073886E+05
       -1.320000000000000000000000000000    6.184929421265593724879713798907E+05
       -1.310000000000000000000000000000    6.332555121686145943666555044435E+05
       -1.300000000000000000000000000000    6.482298428539390009656958385969E+05
       -1.290000000000000000000000000000    6.634142259375417979586090968299E+05
       -1.280000000000000000000000000000    6.788067618686747580660498482531E+05
       -1.270000000000000000000000000000    6.944053563804405730830491297682E+05
       -1.260000000000000000000000000000    7.102077171999826645818139012200E+05
       -1.250000000000000000000000000000    7.262113508865792311677211587314E+05
       -1.240000000000000000000000000000    7.424135598049622239785989179164E+05
       -1.230000000000000000000000000000    7.588114392411674126332284766322E+05
       -1.220000000000000000000000000000    7.754018746681944399304878434063E+05
       -1.210000000000000000000000000000    7.921815391687154933988678464336E+05
       -1.200000000000000000000000000000    8.091468910220176937789005440842E+05
       -1.190000000000000000000000000000    8.262941714622972846172024897331E+05
       -1.180000000000000000000000000000    8.436194026153429957987195961102E+05
       -1.170000000000000000000000000000    8.611183856205513630236514067753E+05
       -1.160000000000000000000000000000    8.787866989451081554686081882530E+05
       -1.150000000000000000000000000000    8.966196968970472611818997869052E+05
       -1.140000000000000000000000000000    9.146125083437612965990244473754E+05
       -1.130000000000000000000000000000    9.327600356423867626770817988212E+05
       -1.120000000000000000000000000000    9.510569537883207134190495116878E+05
       -1.110000000000000000000000000000    9.694977097879456097857147216026E+05
       -1.100000000000000000000000000000    9.880765222614443096072134172938E+05
       -1.090000000000000000000000000000    1.006787381281378028846248020986E+06
       -1.080000000000000000000000000000    1.025624048452476669083767251831E+06
       -1.070000000000000000000000000000    1.044580057237853239506501069833E+06
       -1.060000000000000000000000000000    1.063648713536602340022583268911E+06
       -1.050000000000000000000000000000    1.082823096517476978811263712766E+06
       -1.040000000000000000000000000000    1.102096059713058568704095134069E+06
       -1.030000000000000000000000000000    1.121460232378542011324072506285E+06
       -1.020000000000000000000000000000    1.140908021118951598036414201348E+06
       -1.010000000000000000000000000000    1.160431611788284327892929435770E+06
       -1.000000000000000000000000000000    1.180022971663745493554193617271E+06
       -0.990000000000000000000000000000    1.199673851897897378538152672298E+06
       -0.980000000000000000000000000000    1.219375790251186038034542311102E+06
       -0.970000000000000000000000000000    1.239120114106943828757614030598E+06
       -0.960000000000000000000000000000    1.258897943770587071241815355977E+06
       -0.950000000000000000000000000000    1.278700196054339463115198772574E+06
       -0.940000000000000000000000000000    1.298517588148413138367825473124E+06
       -0.930000000000000000000000000000    1.318340641779171140701735457393E+06
       -0.920000000000000000000000000000    1.338159687654378134355377708387E+06
       -0.910000000000000000000000000000    1.357964870195221028651548037668E+06
       -0.900000000000000000000000000000    1.377746152554348487057614099703E+06
       -0.890000000000000000000000000000    1.397493321918738699795140615213E+06
       -0.880000000000000000000000000000    1.417195995095759019892465653445E+06
       -0.870000000000000000000000000000    1.436843624380329820709458068312E+06
       -0.860000000000000000000000000000    1.456425503700648977633854818378E+06
       -0.850000000000000000000000000000    1.475930775039473480422028027680E+06
       -0.840000000000000000000000000000    1.495348435127491640064403385398E+06
       -0.830000000000000000000000000000    1.514667342404853980158868889917E+06
       -0.820000000000000000000000000000    1.533876224246464031660215654200E+06
       -0.810000000000000000000000000000    1.552963684446162733068816195811E+06
       -0.800000000000000000000000000000    1.571918210954472842947466046756E+06
       -0.790000000000000000000000000000    1.590728183864103579503478448724E+06
       -0.780000000000000000000000000000    1.609381883636951506523840428968E+06
       -0.770000000000000000000000000000    1.627867499565872390328861059319E+06
       -0.760000000000000000000000000000    1.646173138464041271282406930790E+06
       -0.750000000000000000000000000000    1.664286833574265245023721273614E+06
       -0.740000000000000000000000000000    1.682196553690166356816605509158E+06
       -0.730000000000000000000000000000    1.699890212480711503642620219890E+06
       -0.720000000000000000000000000000    1.717355678009133239756385945284E+06
       -0.710000000000000000000000000000    1.734580782436860817581915366902E+06
       -0.700000000000000000000000000000    1.751553331902665588472404861642E+06
       -0.690000000000000000000000000000    1.768261116566819952432540867663E+06
       -0.680000000000000000000000000000    1.784691920809675289715327840482E+06
       -0.670000000000000000000000000000    1.800833533573682627214169341578E+06
       -0.660000000000000000000000000000    1.816673758837511073188520279294E+06
       -0.650000000000000000000000000000    1.832200426210564164751638878409E+06
       -0.640000000000000000000000000000    1.847401401635854066428831226197E+06
       -0.630000000000000000000000000000    1.862264598188868868548517726483E+06
       -0.620000000000000000000000000000    1.876777986959759873539936073200E+06
       -0.610000000000000000000000000000    1.890929608005884515218130861839E+06
       -0.600000000000000000000000000000    1.904707581361467194116118547820E+06
       -0.590000000000000000000000000000    1.918100118090885566512704896052E+06
       -0.580000000000000000000000000000    1.931095531371854401961600453862E+06
       -0.570000000000000000000000000000    1.943682247594563698144864858552E+06
       -0.560000000000000000000000000000    1.955848817462632953439138269254E+06
       -0.550000000000000000000000000000    1.967583927081569951903883006054E+06
       -0.540000000000000000000000000000    1.978876409020270680392247445333E+06
       -0.530000000000000000000000000000    1.989715253330967602029838765808E+06
       -0.520000000000000000000000000000    2.000089618512926942590412240721E+06
       -0.510000000000000000000000000000    2.009988842405112352226503937302E+06
       -0.500000000000000000000000000000    2.019402452992972686718297710532E+06
       -0.490000000000000000000000000000    2.028320179114476066837140938576E+06
       -0.480000000000000000000000000000    2.036731961050501132045872310184E+06
       -0.470000000000000000000000000000    2.044627960984709768347924385089E+06
       -0.460000000000000000000000000000    2.051998573318063773627901777344E+06
       -0.450000000000000000000000000000    2.058834434823211091488471738395E+06
       -0.440000000000000000000000000000    2.065126434624055509907114104752E+06
       -0.430000000000000000000000000000    2.070865723985937146109084931090E+06
       -0.420000000000000000000000000000    2.076043725901989633906974351048E+06
       -0.410000000000000000000000000000    2.080652144461403651828905053524E+06
       -0.400000000000000000000000000000    2.084682973985515184097088051956E+06
       -0.390000000000000000000000000000    2.088128507917850543122183951947E+06
       -0.380000000000000000000000000000    2.090981347454498499449120051245E+06
       -0.370000000000000000000000000000    2.093234409901442607426474164948E+06
       -0.360000000000000000000000000000    2.094880936745773673393900383496E+06
       -0.350000000000000000000000000000    2.095914501428012925984491546792E+06
       -0.340000000000000000000000000000    2.096329016803110400677263930665E+06
       -0.330000000000000000000000000000    2.096118742278039876346218462797E+06
       -0.320000000000000000000000000000    2.095278290614290882106748267809E+06
       -0.310000000000000000000000000000    2.093802634383959259443458591017E+06
       -0.300000000000000000000000000000    2.091687112068559898830482993279E+06
       -0.290000000000000000000000000000    2.088927433790127904511063559999E+06
       -0.280000000000000000000000000000    2.085519686664636860910548614359E+06
       -0.270000000000000000000000000000    2.081460339768244318169210776911E+06
       -0.260000000000000000000000000000    2.076746248707374276495149632521E+06
       -0.250000000000000000000000000000    2.071374659784163480125150123757E+06
       -0.240000000000000000000000000000    2.065343213749331840636921947169E+06
       -0.230000000000000000000000000000    2.058649949135086365253680075313E+06
       -0.220000000000000000000000000000    2.051293305161231599640098857590E+06
       -0.210000000000000000000000000000    2.043272124208236801437498233440E+06
       -0.200000000000000000000000000000    2.034585653851599801332349559866E+06
       -0.190000000000000000000000000000    2.025233548452448711836196994810E+06
       -0.180000000000000000000000000000    2.015215870299934209595386581973E+06
       -0.170000000000000000000000000000    2.004533090301585917068041307749E+06
       -0.160000000000000000000000000000    1.993186088218435291031216367357E+06
       -0.150000000000000000000000000000    1.981176152442343213416594444401E+06
       -0.140000000000000000000000000000    1.968504979313611979331062598884E+06
       -0.130000000000000000000000000000    1.955174671977607375410371540365E+06
       -0.120000000000000000000000000000    1.941187738779765811828722662669E+06
       -0.110000000000000000000000000000    1.926547091199012774312282344329E+06
       -0.100000000000000000000000000000    1.911256041320270950083234199470E+06
       -0.090000000000000000000000000000    1.895318298847387998975515891486E+06
       -0.080000000000000000000000000000    1.878737967658463829440624924595E+06
       -0.070000000000000000000000000000    1.861519541906204139250702743855E+06
       -0.060000000000000000000000000000    1.843667901666569634660773044069E+06
       -0.050000000000000000000000000000    1.825188308139627496453277884984E+06
       -0.040000000000000000000000000000    1.806086398407142070854592016272E+06
       -0.030000000000000000000000000000    1.786368179752064192095647726580E+06
       -0.020000000000000000000000000000    1.766040023545691768538954298928E+06
       -0.010000000000000000000000000000    1.745108658708877078501798706046E+06
       -0.000000000000000000000000000000    1.723581164754247436054626898726E+06
        0.010000000000000000000000000000    1.701464964416984332853196273042E+06
        0.020000000000000000000000000000    1.678767815882270694521156252023E+06
        0.030000000000000000000000000000    1.655497804618065390137317831645E+06
        0.040000000000000000000000000000    1.631663334822397510178058191379E+06
        0.050000000000000000000000000000    1.607273120494889121626831904492E+06
        0.060000000000000000000000000000    1.582336176142713191591993034465E+06
        0.070000000000000000000000000000    1.556861807131672150448761859924E+06
        0.080000000000000000000000000000    1.530859599693541187179642537162E+06
        0.090000000000000000000000000000    1.504339410601257917314429110551E+06
        0.100000000000000000000000000000    1.477311356523955662776330332672E+06
        0.110000000000000000000000000000    1.449785803074230400929234997790E+06
        0.120000000000000000000000000000    1.421773353560400689544291588627E+06
        0.130000000000000000000000000000    1.393284837456864813592461168868E+06
        0.140000000000000000000000000000    1.364331298605979334440446129270E+06
        0.150000000000000000000000000000    1.334923983165177506561796197289E+06
        0.160000000000000000000000000000    1.305074327313314065464571948520E+06
        0.170000000000000000000000000000    1.274793944730464138193181772425E+06
        0.180000000000000000000000000000    1.244094613865617991187415789072E+06
        0.190000000000000000000000000000    1.212988265006899568599652930770E+06
        0.200000000000000000000000000000    1.181486967169094899512354025473E+06
        0.210000000000000000000000000000    1.149602914813406130441409097967E+06
        0.220000000000000000000000000000    1.117348414414447889378990730792E+06
        0.230000000000000000000000000000    1.084735870889574682634899759828E+06
        0.240000000000000000000000000000    1.051777773905670892979908615197E+06
        0.250000000000000000000000000000    1.018486684078548567920200031498E+06
        0.260000000000000000000000000000    9.848752190800824946229664696767E+05
        0.270000000000000000000000000000    9.509560396681670403511129082118E+05
        0.280000000000000000000000000000    9.167418356545049339366608174784E+05
        0.290000000000000000000000000000    8.822453118251346661827535926796E+05
        0.300000000000000000000000000000    8.474791738284706372748609183829E+05
        0.310000000000000000000000000000    8.124561140454687692085719972501E+05
        0.320000000000000000000000000000    7.771887974563402714115082110321E+05
        0.330000000000000000000000000000    7.416898475180178859599529389069E+05
        0.340000000000000000000000000000    7.059718320663325787456005350816E+05
        0.350000000000000000000000000000    6.700472492565846626187071685398E+05
        0.360000000000000000000000000000    6.339285135558921585199734054089E+05
        0.370000000000000000000000000000    5.976279418003712823144897731063E+05
        0.380000000000000000000000000000    5.611577393298497887242339960265E+05
        0.390000000000000000000000000000    5.245299862124340465072960030100E+05
        0.400000000000000000000000000000    4.877566235708457325990475846231E+05
        0.410000000000000000000000000000    4.508494400220145214556032915408E+05
        0.420000000000000000000000000000    4.138200582409597434962636717424E+05
        0.430000000000000000000000000000    3.766799216595173550711747119349E+05
        0.440000000000000000000000000000    3.394402813099693885415701506155E+05
        0.450000000000000000000000000000    3.021121828231120439893116561148E+05
        0.460000000000000000000000000000    2.647064535897564725662296680910E+05
        0.470000000000000000000000000000    2.272336900940938312140350080661E+05
        0.480000000000000000000000000000    1.897042454267741190965823191487E+05
        0.490000000000000000000000000000    1.521282169849474083264442734770E+05
        0.500000000000000000000000000000    1.145154343658971342624545588689E+05
        0.510000000000000000000000000000    7.687544746025889767524945555578E+04
        0.520000000000000000000000000000    3.921751475016553825097104200974E+04
        0.530000000000000000000000000000    1.550591816990850878703975862026E+03
        0.540000000000000000000000000000   -3.611667993731898675537676353210E+04
        0.550000000000000000000000000000   -7.377598435203465182097926681218E+04
        0.560000000000000000000000000000   -1.114193413499727810762441472140E+05
        0.570000000000000000000000000000   -1.490391175585076020921220513044E+05
        0.580000000000000000000000000000   -1.866280367081431096940628024454E+05
        0.590000000000000000000000000000   -2.241791898082703574563258630376E+05
        0.600000000000000000000000000000   -2.616860451004914909959555536393E+05
        0.610000000000000000000000000000   -2.991424577906590537957808638485E+05
        0.620000000000000000000000000000   -3.365426795615552191989411745803E+05
        0.630000000000000000000000000000   -3.738813678689203498458231509076E+05
        0.640000000000000000000000000000   -4.111535950243331012113165337117E+05
        0.650000000000000000000000000000   -4.483548570692446526835408432820E+05
        0.660000000000000000000000000000   -4.854810824452770953706920354569E+05
        0.670000000000000000000000000000   -5.225286404667101053573093606942E+05
        0.680000000000000000000000000000   -5.594943496019004098730235169934E+05
        0.690000000000000000000000000000   -5.963754855712048911227812670577E+05
        0.700000000000000000000000000000   -6.331697892698102049403915401695E+05
        0.710000000000000000000000000000   -6.698754745247093161217183560813E+05
        0.720000000000000000000000000000   -7.064912356959082303244489925211E+05
        0.730000000000000000000000000000   -7.430162551327943620740767567322E+05
        0.740000000000000000000000000000   -7.794502104974514185466887220960E+05
        0.750000000000000000000000000000   -8.157932819675644721838981435549E+05
        0.760000000000000000000000000000   -8.520461593324231918930629132350E+05
        0.770000000000000000000000000000   -8.882100489964012333240663714244E+05
        0.780000000000000000000000000000   -9.242866809051658682979080733335E+05
        0.790000000000000000000000000000   -9.602783154107544642185010996162E+05
        0.800000000000000000000000000000   -9.961877500925438995569570222047E+05
        0.810000000000000000000000000000   -1.032018326552036009120324016075E+06
        0.820000000000000000000000000000   -1.067773937200287378787988509610E+06
        0.830000000000000000000000000000   -1.103459032057726041477157844382E+06
        0.840000000000000000000000000000   -1.139078625587021757548505095066E+06
        0.850000000000000000000000000000   -1.174638303580611596275405294381E+06
        0.860000000000000000000000000000   -1.210144230125429586215659931150E+06
        0.870000000000000000000000000000   -1.245603154668349504470785951687E+06
        0.880000000000000000000000000000   -1.281022419206824782477689622400E+06
        0.890000000000000000000000000000   -1.316409965630200499502979145518E+06
        0.900000000000000000000000000000   -1.351774343238181124999477416202E+06
        0.910000000000000000000000000000   -1.387124716463965802939520692301E+06
        0.920000000000000000000000000000   -1.422470872830612430423523032257E+06
        0.930000000000000000000000000000   -1.457823231170264599377722018773E+06
        0.940000000000000000000000000000   -1.493192850136973824264777637517E+06
        0.950000000000000000000000000000   -1.528591437044975706444023992948E+06
        0.960000000000000000000000000000   -1.564031357065435284766372594788E+06
        0.970000000000000000000000000000   -1.599525642815866457619219675739E+06
        0.980000000000000000000000000000   -1.635088004377655873748503030680E+06
        0.990000000000000000000000000000   -1.670732839778386098840058260113E+06
        1.000000000000000000000000000000   -1.706475245976959381679785748949E+06
        1.010000000000000000000000000000   -1.742331030390875373700832042750E+06
        1.020000000000000000000000000000   -1.778316723006417309389741470588E+06
        1.030000000000000000000000000000   -1.814449589113955256175175993430E+06
        1.040000000000000000000000000000   -1.850747642712086137447132704295E+06
        1.050000000000000000000000000000   -1.887229660625902600081151660150E+06
        1.060000000000000000000000000000   -1.923915197386320960051563367401E+06
        1.070000000000000000000000000000   -1.960824600919107192328886674564E+06
        1.080000000000000000000000000000   -1.997979029094024276240963399407E+06
        1.090000000000000000000000000000   -2.035400467186389485557316966599E+06
        1.100000000000000000000000000000   -2.073111746305282036736413895726E+06
        1.110000000000000000000000000000   -2.111136562844685798770746840091E+06
        1.120000000000000000000000000000   -2.149499499015994765682610907270E+06
        1.130000000000000000000000000000   -2.188226044522557278269037844910E+06
        1.140000000000000000000000000000   -2.227342619439295491464743455856E+06
        1.150000000000000000000000000000   -2.266876598362916628635549559725E+06
        1.160000000000000000000000000000   -2.306856335900839849732210558059E+06
        1.170000000000000000000000000000   -2.347311193569705207804322402480E+06
        1.180000000000000000000000000000   -2.388271568177217737589986985774E+06
        1.190000000000000000000000000000   -2.429768921764119233011771301742E+06
        1.200000000000000000000000000000   -2.471835813186282237981773576902E+06
        1.210000000000000000000000000000   -2.514505931420295223269132924087E+06
        1.220000000000000000000000000000   -2.557814130679465422672349046442E+06
        1.230000000000000000000000000000   -2.601796467430917501982364693112E+06
        1.240000000000000000000000000000   -2.646490239408423891374122397584E+06
        1.250000000000000000000000000000   -2.691934026719778628096695528343E+06
        1.260000000000000000000000000000   -2.738167735151934016659897353437E+06
        1.270000000000000000000000000000   -2.785232641781772126313196456973E+06
        1.280000000000000000000000000000   -2.833171443005295684788847589029E+06
        1.290000000000000000000000000000   -2.882028305103210679278197699257E+06
        1.300000000000000000000000000000   -2.931848917466352187418698438797E+06
        1.310000000000000000000000000000   -2.982680548610192792447508642306E+06
        1.320000000000000000000000000000   -3.034572105113787515587042992486E+06
        1.330000000000000000000000000000   -3.087574193624969680405781576919E+06
        1.340000000000000000000000000000   -3.141739186080438753804948194926E+06
        1.350000000000000000000000000000   -3.197121288296595389177338849863E+06
        1.360000000000000000000000000000   -3.253776612094603260697515488224E+06
        1.370000000000000000000000000000   -3.311763251131215760087839122022E+06
        1.380000000000000000000000000000   -3.371141360615423551091921262306E+06
        1.390000000000000000000000000000   -3.431973241099983137348176282715E+06
        1.400000000000000000000000000000   -3.494323426546405356144394136311E+06
        1.410000000000000000000000000000   -3.558258776872046086266373332863E+06
        1.420000000000000000000000000000   -3.623848575198581242936622942360E+06
        1.430000000000000000000000000000   -3.691164630032397995767757841562E+06
        1.440000000000000000000000000000   -3.760281382619329753637148083749E+06
        1.450000000000000000000000000000   -3.831276019728741604785504717690E+06
        1.460000000000000000000000000000   -3.904228592135275632043570935961E+06
        1.470000000000000000000000000000   -3.979222139080634295991044251375E+06
        1.480000000000000000000000000000   -4.056342819012659903807782539403E+06
        1.490000000000000000000000000000   -4.135680046914706789502357552123E+06
        1.500000000000000000000000000000   -4.217326638554950847468190681300E+06
        1.510000000000000000000000000000   -4.301378962002892191595453565169E+06
        1.520000000000000000000000000000   -4.387937096778937940597852296467E+06
        1.530000000000000000000000000000   -4.477105001022663930729801006396E+06
        1.540000000000000000000000000000   -4.568990687086210718774259934729E+06
        1.550000000000000000000000000000   -4.663706405981338705737927639665E+06
        1.560000000000000000000000000000   -4.761368841132021941749428796801E+06
        1.570000000000000000000000000000   -4.862099311909177007419315615877E+06
        1.580000000000000000000000000000   -4.966023987450283926015996628539E+06
        1.590000000000000000000000000000   -5.073274111294347052740894993184E+06
        1.600000000000000000000000000000   -5.183986237391957441894583744573E+06
        1.610000000000000000000000000000   -5.298302478081252215540175286363E+06
        1.620000000000000000000000000000   -5.416370764653425008754723758685E+06
        1.630000000000000000000000000000   -5.538345121166235265948585787593E+06
        1.640000000000000000000000000000   -5.664385952200810619724117906129E+06
        1.650000000000000000000000000000   -5.794660345296060859356831830388E+06
        1.660000000000000000000000000000   -5.929342388836357094721606935210E+06
        1.670000000000000000000000000000   -6.068613506211917117023412774937E+06
        1.680000000000000000000000000000   -6.212662807117728154386478168945E+06
        1.690000000000000000000000000000   -6.361687456905991353164702430131E+06
        1.700000000000000000000000000000   -6.515893064959158791300944024975E+06
        1.710000000000000000000000000000   -6.675494093105835011282734453510E+06
        1.720000000000000000000000000000   -6.840714285160323998943622236599E+06
        1.730000000000000000000000000000   -7.011787118728624753405046225128E+06
        1.740000000000000000000000000000   -7.188956280489432923372070697048E+06
        1.750000000000000000000000000000   -7.372476166228425458383602056221E+06
        1.760000000000000000000000000000   -7.562612406978038031538505195223E+06
        1.770000000000000000000000000000   -7.759642422693355505041437574022E+06
        1.780000000000000000000000000000   -7.963856004977905579336717114068E+06
        1.790000000000000000000000000000   -8.175555930461375083992796341671E+06
        1.800000000000000000000000000000   -8.395058606524876925029038294102E+06
        1.810000000000000000000000000000   -8.622694751168724327825325379994E+06
        1.820000000000000000000000000000   -8.858810108923081007376622777852E+06
        1.830000000000000000000000000000   -9.103766204813738564850041750177E+06
        1.840000000000000000000000000000   -9.357941138514038706543770468780E+06
        1.850000000000000000000000000000   -9.621730420940048171604602257162E+06
        1.860000000000000000000000000000   -9.895547855679978192471807226201E+06
        1.870000000000000000000000000000   -1.017982646779101885908496569097E+07
        1.880000000000000000000000000000   -1.047501948264776634447808069255E+07
        1.890000000000000000000000000000   -1.078160135768682778735156604258E+07
        1.900000000000000000000000000000   -1.110006887006260318917782775902E+07
        1.910000000000000000000000000000   -1.143094226341031535883244218288E+07
        1.920000000000000000000000000000   -1.177476645710478087937599941043E+07
        1.930000000000000000000000000000   -1.213211232160792724609019686066E+07
        1.940000000000000000000000000000   -1.250357802371545378285048392561E+07
        1.950000000000000000000000000000   -1.288979044574415032580226485130E+07
        1.960000000000000000000000000000   -1.329140668294712895815939251558E+07
        1.970000000000000000000000000000   -1.370911562370555265637390124594E+07
        1.980000000000000000000000000000   -1.414363961732338863725461194861E+07
        1.990000000000000000000000000000   -1.459573623454737188911379327135E+07
        2.000000000000000000000000000000   -1.506620012624890955375823539155E+07
        2.010000000000000000000000000000   -1.555586498603934387869436915726E+07
        2.020000000000000000000000000000   -1.606560562294616113926659072802E+07
        2.030000000000000000000000000000   -1.659634015065681952536916030889E+07
        2.040000000000000000000000000000   -1.714903230024040290997657430361E+07
        2.050000000000000000000000000000   -1.772469386368692829024161092195E+07
        2.060000000000000000000000000000   -1.832438727606159495535968872605E+07
        2.070000000000000000000000000000   -1.894922834455843751093070395257E+07
        2.080000000000000000000000000000   -1.960038913325673795386690148965E+07
        2.090000000000000000000000000000   -2.027910101293630939794057249813E+07
        2.100000000000000000000000000000   -2.098665788589668144850187417694E+07
        2.110000000000000000000000000000   -2.172441959635275143887111769314E+07
        2.120000000000000000000000000000   -2.249381553764824645177558777608E+07
        2.130000000000000000000000000000   -2.329634846824118335542295558391E+07
        2.140000000000000000000000000000   -2.413359854917543200015390889707E+07
        2.150000000000000000000000000000   -2.500722761656270769108189421250E+07
        2.160000000000000000000000000000   -2.591898370346329954866401062712E+07
        2.170000000000000000000000000000   -2.687070582647528367561818499957E+07
        2.180000000000000000000000000000   -2.786432905332484030092477134497E+07
        2.190000000000000000000000000000   -2.890188986879884166741146790683E+07
        2.200000000000000000000000000000   -2.998553185747965590705268531312E+07
        2.210000000000000000000000000000   -3.111751172293600165120230793024E+07
        2.220000000000000000000000000000   -3.230020566429791957340299402073E+07
        2.230000000000000000000000000000   -3.353611613250410817597603594805E+07
        2.240000000000000000000000000000   -3.482787898996201442046967540468E+07
        2.250000000000000000000000000000   -3.617827109891162272003873351288E+07
        2.260000000000000000000000000000   -3.759021836543976321096857432384E+07
        2.270000000000000000000000000000   -3.906680426786037930112546825645E+07
        2.280000000000000000000000000000   -4.061127890006551244401668598279E+07
        2.290000000000000000000000000000   -4.222706856247031662938009477038E+07
        2.300000000000000000000000000000   -4.391778593533236814457067559813E+07
        2.310000000000000000000000000000   -4.568724087153072094266556851592E+07
        2.320000000000000000000000000000   -4.753945184835412962744716813789E+07
        2.330000000000000000000000000000   -4.947865812048195243528181097967E+07
        2.340000000000000000000000000000   -5.150933261915762299966641318850E+07
        2.350000000000000000000000000000   -5.363619564556630850924059245732E+07
        2.360000000000000000000000000000   -5.586422940964948701257724170126E+07
        2.370000000000000000000000000000   -5.819869346903475333259077260299E+07
        2.380000000000000000000000000000   -6.064514112644539756357674136574E+07
        2.390000000000000000000000000000   -6.320943684789859554892415499538E+07
        2.400000000000000000000000000000   -6.589777476822210973817677738678E+07
        2.410000000000000000000000000000   -6.871669835493732358897096040732E+07
        2.420000000000000000000000000000   -7.167312130639283282677373076080E+07
        2.430000000000000000000000000000   -7.477434976521092588830640168896E+07
        2.440000000000000000000000000000   -7.802810593365408680490307554754E+07
        2.450000000000000000000000000000   -8.144255318345701494786576679990E+07
        2.460000000000000000000000000000   -8.502632275903047756318566889607E+07
        2.470000000000000000000000000000   -8.878854217975768298359608254669E+07
        2.480000000000000000000000000000   -9.273886545440523584086822351396E+07
        2.490000000000000000000000000000   -9.688750522849510703067191072511E+07
        2.500000000000000000000000000000   -1.012452669938701620594906001884E+08
        2.510000000000000000000000000000   -1.058235854986753436041461663547E+08
        2.520000000000000000000000000000   -1.106345635056144928122360641165E+08
        2.530000000000000000000000000000   -1.156910130566773592323980387680E+08
        2.540000000000000000000000000000   -1.210064994136146485269757219242E+08
        2.550000000000000000000000000000   -1.265953878553270587584352540265E+08
        2.560000000000000000000000000000   -1.324728935260875578315346171583E+08
        2.570000000000000000000000000000   -1.386551345421997276791673292621E+08
        2.580000000000000000000000000000   -1.451591885793789614067542815704E+08
        2.590000000000000000000000000000   -1.520031531789032120855297459745E+08
        2.600000000000000000000000000000   -1.592062100274973037125360658506E+08
        2.610000000000000000000000000000   -1.667886934840773280136422501803E+08
        2.620000000000000000000000000000   -1.747721636459840316636657126621E+08
        2.630000000000000000000000000000   -1.831794842682784299479186306837E+08
        2.640000000000000000000000000000   -1.920349058721692616586473451764E+08
        2.650000000000000000000000000000   -2.013641544028090838055926061285E+08
        2.660000000000000000000000000000   -2.111945258226619127508598170640E+08
        2.670000000000000000000000000000   -2.215549870545485901906551761060E+08
        2.680000000000000000000000000000   -2.324762837184656697497155520345E+08
        2.690000000000000000000000000000   -2.439910551385105972091397918128E+08
        2.700000000000000000000000000000   -2.561339571309041063500192410713E+08
        2.710000000000000000000000000000   -2.689417931213677277871475942803E+08
        2.720000000000000000000000000000   -2.824536541801927408073680309757E+08
        2.730000000000000000000000000000   -2.967110686064456233785139640309E+08
        2.740000000000000000000000000000   -3.117581617391304445895444092906E+08
        2.750000000000000000000000000000   -3.276418267230260484355864380182E+08
        2.760000000000000000000000000000   -3.444119070106111958741080397186E+08
        2.770000000000000000000000000000   -3.621213914392822059860480235439E+08
        2.780000000000000000000000000000   -3.808266227852772967367202027823E+08
        2.790000000000000000000000000000   -4.005875207626980875650384398917E+08
        2.800000000000000000000000000000   -4.214678205081381619292484204176E+08
        2.810000000000000000000000000000   -4.435353276690983801935071850640E+08
        2.820000000000000000000000000000   -4.668621912980291296345521862714E+08
        2.830000000000000000000000000000   -4.915251958439671865234460904538E+08
        2.840000000000000000000000000000   -5.176060736308445849172729881665E+08
        2.850000000000000000000000000000   -5.451918393161963008572883653651E+08
        2.860000000000000000000000000000   -5.743751479367859078459278032234E+08
        2.870000000000000000000000000000   -6.052546782692565135061815212331E+08
        2.880000000000000000000000000000   -6.379355433650049496316717964390E+08
        2.890000000000000000000000000000   -6.725297302598354432022953669636E+08
        2.900000000000000000000000000000   -7.091565710114032634164535550054E+08
        2.910000000000000000000000000000   -7.479432473819062538658034306524E+08
        2.920000000000000000000000000000   -7.890253316608944193320173023959E+08
        2.930000000000000000000000000000   -8.325473663144974682647967311647E+08
        2.940000000000000000000000000000   -8.786634853539578809890943441804E+08
        2.950000000000000000000000000000   -9.275380805393385090849691199801E+08
        2.960000000000000000000000000000   -9.793465157749882864586200165051E+08
        2.970000000000000000000000000000   -1.034275893313249165504025784954E+09
        2.980000000000000000000000000000   -1.092525875663545829790232158427E+09
        2.990000000000000000000000000000   -1.154309567407123693250145250402E+09
        3.000000000000000000000000000000   -1.219854461445140928552144615662E+09
        3.010000000000000000000000000000   -1.289403454561584152243660682493E+09
        3.020000000000000000000000000000   -1.363215937564742527629619547991E+09
        3.030000000000000000000000000000   -1.441568965684104044836906045095E+09
        3.040000000000000000000000000000   -1.524758515346094358478782155456E+09
        3.050000000000000000000000000000   -1.613100833934845263395701462233E+09
        3.060000000000000000000000000000   -1.706933889666176952013977593476E+09
        3.070000000000000000000000000000   -1.806618929267484575047460364940E+09
        3.080000000000000000000000000000   -1.912542151766795651619199015147E+09
        3.090000000000000000000000000000   -2.025116507354777007420834656616E+09
        3.100000000000000000000000000000   -2.144783630998117734213261029387E+09
        3.110000000000000000000000000000   -2.272015921256060261802513784992E+09
        3.120000000000000000000000000000   -2.407318775588851716411330957962E+09
        3.130000000000000000000000000000   -2.551232994352928587826026087583E+09
        3.140000000000000000000000000000   -2.704337366658583352716931641417E+09
        3.150000000000000000000000000000   -2.867251452328055462861482593087E+09
        3.160000000000000000000000000000   -3.040638575342359121511899910536E+09
        3.170000000000000000000000000000   -3.225209045411228963316873135379E+09
        3.180000000000000000000000000000   -3.421723625650512934015435535518E+09
        3.190000000000000000000000000000   -3.630997265814067563362872052299E+09
        3.200000000000000000000000000000   -3.853903122112394527970198135913E+09
        3.210000000000000000000000000000   -4.091376886368431228389032687288E+09
        3.220000000000000000000000000000   -4.344421449123533449639621083704E+09
        3.230000000000000000000000000000   -4.614111923326239436714510666679E+09
        3.240000000000000000000000000000   -4.901601057426460992842160271680E+09
        3.250000000000000000000000000000   -5.208125069073092467589413121880E+09
        3.260000000000000000000000000000   -5.535009933189761052953158727315E+09
        3.270000000000000000000000000000   -5.883678160999093934326464666112E+09
        3.280000000000000000000000000000   -6.255656109599546586085027819563E+09
        3.290000000000000000000000000000   -6.652581864991326613610761507361E+09
        3.300000000000000000000000000000   -7.076213745021927822694174236153E+09
        3.310000000000000000000000000000   -7.528439472601963438600642491966E+09
        3.320000000000000000000000000000   -8.011286073755281376518737457025E+09
        3.330000000000000000000000000000   -8.526930559643110486181045072484E+09
        3.340000000000000000000000000000   -9.077711456672227382637129749510E+09
        3.350000000000000000000000000000   -9.666141254196746674939963658459E+09
        3.360000000000000000000000000000   -1.029491984519018419508319896131E+10
        3.370000000000000000000000000000   -1.096694904164044090945944999631E+10
        3.380000000000000000000000000000   -1.168534825335060007047144109940E+10
        3.390000000000000000000000000000   -1.245347142636234683892730509752E+10
        3.400000000000000000000000000000   -1.327492534541034772148619138699E+10
        3.410000000000000000000000000000   -1.415358941372394285499950342631E+10
        3.420000000000000000000000000000   -1.509363703318128217971723411201E+10
        3.430000000000000000000000000000   -1.609955871836075656512883550558E+10
        3.440000000000000000000000000000   -1.717618708950187645565343232407E+10
        3.450000000000000000000000000000   -1.832872390186634093898614392138E+10
        3.460000000000000000000000000000   -1.956276928257136111512816446015E+10
        3.470000000000000000000000000000   -2.088435336075126031513371590412E+10
        3.480000000000000000000000000000   -2.229997049299914370978377581197E+10
        3.490000000000000000000000000000   -2.381661630356733014506238852911E+10
        3.500000000000000000000000000000   -2.544182777789369789807425363812E+10
        3.510000000000000000000000000000   -2.718372666881370842287376242699E+10
        3.520000000000000000000000000000   -2.905106649747055993401312756501E+10
        3.530000000000000000000000000000   -3.105328345561920786199173149115E+10
        3.540000000000000000000000000000   -3.320055154292039133466201327476E+10
        3.550000000000000000000000000000   -3.550384230214237489437040572356E+10
        3.560000000000000000000000000000   -3.797498954715411925979939835135E+10
        3.570000000000000000000000000000   -4.062675951344836559191093044548E+10
        3.580000000000000000000000000000   -4.347292689894408181544513266536E+10
        3.590000000000000000000000000000   -4.652835730427763122896943419364E+10
        3.600000000000000000000000000000   -4.980909662702141464395689731006E+10
        3.610000000000000000000000000000   -5.333246801361860985481458902294E+10
        3.620000000000000000000000000000   -5.711717702667741843293844899236E+10
        3.630000000000000000000000000000   -6.118342574404904427490521184701E+10
        3.640000000000000000000000000000   -6.555303657028184385015758071926E+10
        3.650000000000000000000000000000   -7.024958661110526709342822550958E+10
        3.660000000000000000000000000000   -7.529855353810542546381044607312E+10
        3.670000000000000000000000000000   -8.072747395431672228686603559513E+10
        3.680000000000000000000000000000   -8.656611536273680002954749351956E+10
        3.690000000000000000000000000000   -9.284666293950519109849178667081E+10
        3.700000000000000000000000000000   -9.960392242247017762061217605153E+10
        3.710000000000000000000000000000   -1.068755405449816970387725115339E+11
        3.720000000000000000000000000000   -1.147022445749541205957449421357E+11
        3.730000000000000000000000000000   -1.231281026615984914988964821875E+11
        3.740000000000000000000000000000   -1.322008068478894103812279849747E+11
        3.750000000000000000000000000000   -1.419719807770804681743676676977E+11
        3.760000000000000000000000000000   -1.524975143078116964103237625609E+11
        3.770000000000000000000000000000   -1.638379274560975749147502070688E+11
        3.780000000000000000000000000000   -1.760587663054299323233505396495E+11
        3.790000000000000000000000000000   -1.892310337702274853034235514804E+11
        3.800000000000000000000000000000   -2.034316583649459625296294882595E+11
        3.810000000000000000000000000000   -2.187440044235635310497058454513E+11
        3.820000000000000000000000000000   -2.352584275343301736557715141578E+11
        3.830000000000000000000000000000   -2.530728793053144234282520300208E+11
        3.840000000000000000000000000000   -2.722935659603617555385309082439E+11
        3.850000000000000000000000000000   -2.930356656858560129217057740636E+11
        3.860000000000000000000000000000   -3.154241101097331739909178841315E+11
        3.870000000000000000000000000000   -3.395944357994778353173125278737E+11
        3.880000000000000000000000000000   -3.656937122196732586647631575442E+11
        3.890000000000000000000000000000   -3.938815531968461687140303291505E+11
        3.900000000000000000000000000000   -4.243312196050966482025209485190E+11
        3.910000000000000000000000000000   -4.572308217161078979029395709368E+11
        3.920000000000000000000000000000   -4.927846304579482853063688414462E+11
        3.930000000000000000000000000000   -5.312145077056082237642287908070E+11
        3.940000000000000000000000000000   -5.727614666901634383818214324358E+11
        3.950000000000000000000000000000   -6.176873746713106031878037914230E+11
        3.960000000000000000000000000000   -6.662768111791282980337171422093E+11
        3.970000000000000000000000000000   -7.188390964055724519300140202225E+11
        3.980000000000000000000000000000   -7.757105057257655942237524830808E+11
        3.990000000000000000000000000000   -8.372566878660847193251447368532E+11
        4.000000000000000000000000000000   -9.038753059241717320900964474994E+11
        4.010000000000000000000000000000   -9.759989223004715573390389651532E+11
        4.020000000000000000000000000000   -1.054098150638491357726083189214E+12
        4.030000000000000000000000000000   -1.138685100110134919182005601044E+12
        4.040000000000000000000000000000   -1.230317139843563889788303848807E+12
        4.050000000000000000000000000000   -1.329601013996535921650751473529E+12
        4.060000000000000000000000000000   -1.437197340952852056649612132342E+12
        4.070000000000000000000000000000   -1.553825533390758656999199347655E+12
        4.080000000000000000000000000000   -1.680269179570073344154704225280E+12
        4.090000000000000000000000000000   -1.817381930142753351819187579042E+12
        4.100000000000000000000000000000   -1.966093939146376468476321715608E+12
        4.110000000000000000000000000000   -2.127418912632168985309083890297E+12
        4.120000000000000000000000000000   -2.302461823653639748906156687363E+12
        4.130000000000000000000000000000   -2.492427358148101536298250110906E+12
        4.140000000000000000000000000000   -2.698629162636106012642159047252E+12
        4.150000000000000000000000000000   -2.922499971703554129493241255743E+12
        4.160000000000000000000000000000   -3.165602700984793522791031867371E+12
        4.170000000000000000000000000000   -3.429642599906238301056821452129E+12
        4.180000000000000000000000000000   -3.716480567860595811555524109535E+12
        4.190000000000000000000000000000   -4.028147747851939104975899374633E+12
        4.200000000000000000000000000000   -4.366861523081459458322724818492E+12
        4.210000000000000000000000000000   -4.735043054543194423352690342335E+12
        4.220000000000000000000000000000   -5.135336511590508242595172207435E+12
        4.230000000000000000000000000000   -5.570630162752757866195556024424E+12
        4.240000000000000000000000000000   -6.044079510976972739634974330669E+12
        4.250000000000000000000000000000   -6.559132676107046507230396019222E+12
        4.260000000000000000000000000000   -7.119558247976130202616793538414E+12
        4.270000000000000000000000000000   -7.729475856179514845674493854896E+12
        4.280000000000000000000000000000   -8.393389727639964096360513223570E+12
        4.290000000000000000000000000000   -9.116225530724035000601547249494E+12
        4.300000000000000000000000000000   -9.903370835192045537350824830334E+12
        4.310000000000000000000000000000   -1.076071955097139885418709643227E+13
        4.320000000000000000000000000000   -1.169472074597135979476533022944E+13
        4.330000000000000000000000000000   -1.271243228428215388990010246978E+13
        4.340000000000000000000000000000   -1.382157977153816717638952578315E+13
        4.350000000000000000000000000000   -1.503062134443499541232958675516E+13
        4.360000000000000000000000000000   -1.634881889688423324935288414530E+13
        4.370000000000000000000000000000   -1.778631639663505883787402942750E+13
        4.380000000000000000000000000000   -1.935422601401663613940388115331E+13
        4.390000000000000000000000000000   -2.106472285945771736336539472850E+13
        4.400000000000000000000000000000   -2.293114920939364839433748430164E+13
        4.410000000000000000000000000000   -2.496812919193533400035323412151E+13
        4.420000000000000000000000000000   -2.719169500520318467994026364585E+13
        4.430000000000000000000000000000   -2.961942585358030274325076944814E+13
        4.440000000000000000000000000000   -3.227060091148869403760792013501E+13
        4.450000000000000000000000000000   -3.516636776194562273955371629176E+13
        4.460000000000000000000000000000   -3.832992790956447783648612358022E+13
        4.470000000000000000000000000000   -4.178674113643671245787080544353E+13
        4.480000000000000000000000000000   -4.556475065625863605576565872512E+13
        4.490000000000000000000000000000   -4.969463122913847759508299896028E+13
        4.500000000000000000000000000000   -5.421006262894646709897403113457E+13
        4.510000000000000000000000000000   -5.914803110931202210387999045610E+13
        4.520000000000000000000000000000   -6.454916179616091145659170827569E+13
        4.530000000000000000000000000000   -7.045808524706136762111368348228E+13
        4.540000000000000000000000000000   -7.692384176399275965640002497398E+13
        4.550000000000000000000000000000   -8.400032743022519580770238882395E+13
        4.560000000000000000000000000000   -9.174678626798871928473565769480E+13
        4.570000000000000000000000000000   -1.002283533861744248566171711599E+14
        4.580000000000000000000000000000   -1.095166545116313129271926019711E+14
        4.590000000000000000000000000000   -1.196904678794736276068246583724E+14
        4.600000000000000000000000000000   -1.308364551036201788793303873789E+14
        4.610000000000000000000000000000   -1.430499683657063920601555040553E+14
        4.620000000000000000000000000000   -1.564359420565128733433283848678E+14
        4.630000000000000000000000000000   -1.711098778880213541547966232055E+14
        4.640000000000000000000000000000   -1.871989334760344646902500267682E+14
        4.650000000000000000000000000000   -2.048431254840063839376712134034E+14
        4.660000000000000000000000000000   -2.241966596306171622167540487528E+14
        4.670000000000000000000000000000   -2.454294012103853883248512278686E+14
        4.680000000000000000000000000000   -2.687285012735282847559951264183E+14
        4.690000000000000000000000000000   -2.943001952753812061267949147929E+14
        4.700000000000000000000000000000   -3.223717928559813256149181498918E+14
        4.710000000000000000000000000000   -3.531938794681003920124408912422E+14
        4.720000000000000000000000000000   -3.870427528607300064254161680448E+14
        4.730000000000000000000000000000   -4.242231199711735260124986000387E+14
        4.740000000000000000000000000000   -4.650710826119406280483105279294E+14
        4.750000000000000000000000000000   -5.099574434914602553337171554584E+14
        4.760000000000000000000000000000   -5.592913676169440437484014771356E+14
        4.770000000000000000000000000000   -6.135244380345505105309425464559E+14
        4.780000000000000000000000000000   -6.731551492121198244130123208737E+14
        4.790000000000000000000000000000   -7.387338862143333975483884486792E+14
        4.800000000000000000000000000000   -8.108684432163674509869679949337E+14
        4.810000000000000000000000000000   -8.902301409138380728974022290121E+14
        4.820000000000000000000000000000   -9.775606090854791883800473535072E+14
        4.830000000000000000000000000000   -1.073679308030374398347061568508E+15
        4.840000000000000000000000000000   -1.179491870922924967821967997470E+15
        4.850000000000000000000000000000   -1.295999358405882067150103339051E+15
        4.860000000000000000000000000000   -1.424308527086329145993403637663E+15
        4.870000000000000000000000000000   -1.565643225136345038689476971485E+15
        4.880000000000000000000000000000   -1.721357041068929146036080652130E+15
        4.890000000000000000000000000000   -1.892947346116981843439570153289E+15
        4.900000000000000000000000000000   -2.082070886663708473469734329036E+15
        4.910000000000000000000000000000   -2.290561101052661720785063524407E+15
        4.920000000000000000000000000000   -2.520447355064103839127777166758E+15
        4.930000000000000000000000000000   -2.773976312627095074558891444932E+15
        4.940000000000000000000000000000   -3.053635683218823525257138551094E+15
        4.950000000000000000000000000000   -3.362180615192392115210203033667E+15
        4.960000000000000000000000000000   -3.702663035316897845561333843265E+15
        4.970000000000000000000000000000   -4.078464269496162988405791281674E+15
        4.980000000000000000000000000000   -4.493331318388653298204472896221E+15
        4.990000000000000000000000000000   -4.951417204967185766432736341053E+15
        5.000000000000000000000000000000   -5.457325859478173301667513726561E+15
        5.010000000000000000000000000000   -6.016162061397758331978115393895E+15
        5.020000000000000000000000000000   -6.633587018521989115670185856680E+15
        5.030000000000000000000000000000   -7.315880231039461985647007306112E+15
        5.040000000000000000000000000000   -8.070008364180720574439376146164E+15
        5.050000000000000000000000000000   -8.903701937787782559663372571391E+15
        5.060000000000000000000000000000   -9.825540735986633546182826838935E+15
        5.070000000000000000000000000000   -1.084504894629585662533941503108E+16
        5.080000000000000000000000000000   -1.197280115633610079763925091106E+16
        5.090000000000000000000000000000   -1.322054046935672909113674021355E+16
        5.100000000000000000000000000000   -1.460131014879621253544088385077E+16
        5.110000000000000000000000000000   -1.612960036898341982608159524334E+16
        5.120000000000000000000000000000   -1.782151183604965396478525051111E+16
        5.130000000000000000000000000000   -1.969493825260794759706487792099E+16
        5.140000000000000000000000000000   -2.176976983452259072737951406805E+16
        5.150000000000000000000000000000   -2.406812035123621110572844663785E+16
        5.160000000000000000000000000000   -2.661458045612739913933033570180E+16
        5.170000000000000000000000000000   -2.943650040415628750892832816705E+16
        5.180000000000000000000000000000   -3.256430562502490935829509810449E+16
        5.190000000000000000000000000000   -3.603184903619051608301146347323E+16
        5.200000000000000000000000000000   -3.987680444690079674938772411498E+16
        5.210000000000000000000000000000   -4.414110592824686407041241603903E+16
        5.220000000000000000000000000000   -4.887143861211793900304514535264E+16
        5.230000000000000000000000000000   -5.411978704184447475721699186712E+16
        5.240000000000000000000000000000   -5.994404793818957597884927756754E+16
        5.250000000000000000000000000000   -6.640871507627753171649400163992E+16
        5.260000000000000000000000000000   -7.358564490339319754391207913725E+16
        5.270000000000000000000000000000   -8.155491257714484382947608258142E+16
        5.280000000000000000000000000000   -9.040576928267640736207420340403E+16
        5.290000000000000000000000000000   -1.002377130126943465744218479649E+17
        5.300000000000000000000000000000   -1.111616864833577830760898739063E+17
        5.310000000000000000000000000000   -1.233014175332198663140158026243E+17
        5.320000000000000000000000000000   -1.367949192346894824233551838849E+17
        5.330000000000000000000000000000   -1.517961690641670766203854890481E+17
        5.340000000000000000000000000000   -1.684769888577188164200727763088E+17
        5.350000000000000000000000000000   -1.870291499573087822012643799251E+17
        5.360000000000000000000000000000   -2.076667309659187306581078096810E+17
        5.370000000000000000000000000000   -2.306287589209071620142043454480E+17
        5.380000000000000000000000000000   -2.561821685117323335878384035131E+17
        5.390000000000000000000000000000   -2.846251182649217769677697520126E+17
        5.400000000000000000000000000000   -3.162907074571539706752409767523E+17
        5.410000000000000000000000000000   -3.515511429656894918379775473470E+17
        5.420000000000000000000000000000   -3.908224114022748457855139302603E+17
        5.430000000000000000000000000000   -4.345695187903071560859305014880E+17
        5.440000000000000000000000000000   -4.833123678352298310035659560119E+17
        5.450000000000000000000000000000   -5.376323516175503570330839595286E+17
        5.460000000000000000000000000000   -5.981797524339510335501304558718E+17
        5.470000000000000000000000000000   -6.656820456687606745860162669942E+17
        5.480000000000000000000000000000   -7.409532211584703272002986561215E+17
        5.490000000000000000000000000000   -8.249042487002476109543493118380E+17
        5.500000000000000000000000000000   -9.185548303599418862170455885029E+17
        5.510000000000000000000000000000   -1.023046600291669553995305372703E+18
