       -5.500000000000000000000000000000    0.000000000000000000000000000000E+00
       -5.400000000000000000000000000000    1.000000000000000000000000000000E-07
       -5.300000000000000000000000000000    3.089440000000000000000000000000E-07
       -5.200000000000000000000000000000    8.414883033600000000000000000000E-07
       -5.100000000000000000000000000000    2.220771797092966400000000000000E-06
       -5.000000000000000000000000000000    5.744965523330203467776000000000E-06
       -4.900000000000000000000000000000    1.459037611589680819554484224000E-05
       -4.800000000000000000000000000000    3.638387008875487638836799927747E-05
       -4.700000000000000000000000000000    8.908327866980488678052646962118E-05
       -4.600000000000000000000000000000    2.141396895176172184112997596500E-04
       -4.500000000000000000000000000000    5.053342370807776927742958552057E-04
       -4.400000000000000000000000000000    1.170597400300613046436536714619E-03
       -4.300000000000000000000000000000    2.661646793588512867576968033993E-03
       -4.200000000000000000000000000000    5.939832309963483768523278770111E-03
       -4.100000000000000000000000000000    1.300905639984954854989188694846E-02
       -4.000000000000000000000000000000    2.795968721902046382472699591567E-02
       -3.900000000000000000000000000000    5.896588882684169024627333501750E-02
       -3.800000000000000000000000000000    1.220165130587217648152544553012E-01
       -3.700000000000000000000000000000    2.477152957554719423109798231149E-01
       -3.600000000000000000000000000000    4.933677332688518531513740604736E-01
       -3.500000000000000000000000000000    9.639169183155051927322906495586E-01
       -3.400000000000000000000000000000    1.847253884461590476048883386411E+00
       -3.300000000000000000000000000000    3.472152449985936640070539869903E+00
       -3.200000000000000000000000000000    6.400635931333002856240279842153E+00
       -3.100000000000000000000000000000    1.157087814127013999277961542632E+01
       -3.000000000000000000000000000000    2.051137528475873954456626090099E+01
       -2.900000000000000000000000000000    3.565123049431282053630261307039E+01
       -2.800000000000000000000000000000    6.075346555319767609870336743617E+01
       -2.700000000000000000000000000000    1.014960727840977413959543167147E+02
       -2.600000000000000000000000000000    1.662161122495130571205855137739E+02
       -2.500000000000000000000000000000    2.668122373828632710941238881261E+02
       -2.400000000000000000000000000000    4.197675959802265733871731342842E+02
       -2.300000000000000000000000000000    6.472065168083212788620423813897E+02
       -2.200000000000000000000000000000    9.778360446763347290386756657839E+02
       -2.100000000000000000000000000000    1.447552971539110031073770176879E+03
       -2.000000000000000000000000000000    2.099429964340366939419187927033E+03
       -1.900000000000000000000000000000    2.982748116410505899166176954263E+03
       -1.800000000000000000000000000000    4.150739748710863541929585910008E+03
       -1.700000000000000000000000000000    5.656767626146233911547740342264E+03
       -1.600000000000000000000000000000    7.548813326389823283289912575476E+03
       -1.500000000000000000000000000000    9.862384762779020387170993526902E+03
       -1.400000000000000000000000000000    1.261226810107356135298051923196E+04
       -1.300000000000000000000000000000    1.578390568466800221043371350013E+04
       -1.200000000000000000000000000000    1.932551801751106103969947401275E+04
       -1.100000000000000000000000000000    2.314232572692347737817055503531E+04
       -1.000000000000000000000000000000    2.709428461858112682453015209927E+04
       -0.900000000000000000000000000000    3.099855756931007348767857609554E+04
       -0.800000000000000000000000000000    3.463748286724572592177247148043E+04
       -0.700000000000000000000000000000    3.777208641463428058644535968057E+04
       -0.600000000000000000000000000000    4.016031353446966186673008757342E+04
       -0.500000000000000000000000000000    4.157826747931225611631461655049E+04
       -0.400000000000000000000000000000    4.184200871892914213611025177213E+04
       -0.300000000000000000000000000000    4.082705817209555357222635769960E+04
       -0.200000000000000000000000000000    3.848277861117853378403077342038E+04
       -0.100000000000000000000000000000    3.483932044434812669528631023049E+04
       -0.000000000000000000000000000000    3.000575109113878759863086668312E+04
        0.100000000000000000000000000000    2.415918758109260303264564507653E+04
        0.200000000000000000000000000000    1.752600092340604331191748126625E+04
        0.300000000000000000000000000000    1.035721967750019490757711922847E+04
        0.400000000000000000000000000000    2.900922013346941092602416360910E+03
        0.500000000000000000000000000000   -4.625461926648774819169560885930E+03
        0.600000000000000000000000000000   -1.206044673897391094051474760966E+04
        0.700000000000000000000000000000   -1.931983144677958691856603960820E+04
        0.800000000000000000000000000000   -2.641383839740082963259440630769E+04
        0.900000000000000000000000000000   -3.346135699244264688646940685208E+04
        1.000000000000000000000000000000   -4.070428991232032919816138873249E+04
        1.100000000000000000000000000000   -4.852685192054945299763518878844E+04
        1.200000000000000000000000000000   -5.748688333779625597537355766960E+04
        1.300000000000000000000000000000   -6.836927613385896575292841831923E+04
        1.400000000000000000000000000000   -8.227632570608359617539283219530E+04
        1.500000000000000000000000000000   -1.007776853057359346082911818212E+05
        1.600000000000000000000000000000   -1.261561141506516932188593216945E+05
        1.700000000000000000000000000000   -1.618086969319965257251713647266E+05
        1.800000000000000000000000000000   -2.129043017485311066466937628083E+05
        1.900000000000000000000000000000   -2.874704767898237567649476813019E+05
        2.000000000000000000000000000000   -3.982119366303478284345026160105E+05
        2.100000000000000000000000000000   -5.655950623371725752205812028205E+05
        2.200000000000000000000000000000   -8.231566647830361173998292566082E+05
        2.300000000000000000000000000000   -1.226779185828001588250503013688E+06
        2.400000000000000000000000000000   -1.871144854299854090779455482175E+06
        2.500000000000000000000000000000   -2.919378428123787100262245621934E+06
        2.600000000000000000000000000000   -4.657285961807683574310988667419E+06
        2.700000000000000000000000000000   -7.594165193499350107730352635444E+06
        2.800000000000000000000000000000   -1.265315794686247503525388634392E+07
        2.900000000000000000000000000000   -2.153644115808531441743255466098E+07
        3.000000000000000000000000000000   -3.743715835625867264938744658877E+07
        3.100000000000000000000000000000   -6.644986589712806839006379780981E+07
        3.200000000000000000000000000000   -1.204105110904152261271057012806E+08
        3.300000000000000000000000000000   -2.227087518558386722406129174734E+08
        3.400000000000000000000000000000   -4.203797885160064713544402094450E+08
        3.500000000000000000000000000000   -8.096767479733106603704755264901E+08
        3.600000000000000000000000000000   -1.591051575869210803564309912483E+09
        3.700000000000000000000000000000   -3.189335924879398541740203579941E+09
        3.800000000000000000000000000000   -6.520832988906046623439393480881E+09
        3.900000000000000000000000000000   -1.359685318848210291818242069428E+10
        4.000000000000000000000000000000   -2.891039092376815644487708566111E+10
        4.100000000000000000000000000000   -6.267569656223999814095010178028E+10
        4.200000000000000000000000000000   -1.385239719004622641887826542388E+11
        4.300000000000000000000000000000   -3.120925979761466298859500423036E+11
        4.400000000000000000000000000000   -7.166846487776937768898930896831E+11
        4.500000000000000000000000000000   -1.677309317486926863756090791762E+12
        4.600000000000000000000000000000   -4.000311706231741426439535678543E+12
        4.700000000000000000000000000000   -9.721338870718046426397779752104E+12
        4.800000000000000000000000000000   -2.406947100263437454699846948887E+13
        4.900000000000000000000000000000   -6.071170995603076574801102160502E+13
        5.000000000000000000000000000000   -1.559917468533599117390825388282E+14
        5.100000000000000000000000000000   -4.082369191044139353184884699217E+14
        5.200000000000000000000000000000   -1.088085769902195291307891963950E+15
        5.300000000000000000000000000000   -2.953338781862224285459765279184E+15
        5.400000000000000000000000000000   -8.162480096197938104580603234122E+15
        5.500000000000000000000000000000   -2.296939200684703546459149769587E+16
        5.600000000000000000000000000000   -6.580447481993115937991552130603E+16
