       -5.500000000000000000000000000000    0.000000000000000000000000000000E+00
       -5.489999771118164062500000000000    1.000000011686097423080354928970E-07
       -5.479999542236328125000000000000    2.011670545698507339693605899811E-07
       -5.469999313354492187500000000000    3.046730228106753202155232429504E-07
       -5.459999084472656250000000000000    4.117080720789090264588594436646E-07
       -5.449998855590820312500000000000    5.234940090304007753729820251465E-07
       -5.439998626708984375000000000000    6.412979587366862688213586807251E-07
       -5.429998397827148437500000000000    7.664463055334636010229587554932E-07
       -5.419998168945312500000000000000    9.003391028272744733840227127075E-07
       -5.409997940063476562500000000000    1.044464852384408004581928253174E-06
       -5.399997711181640625000000000000    1.200416591018438339233398437500E-06
       -5.389997482299804687500000000000    1.369908204651437699794769287109E-06
       -5.379997253417968750000000000000    1.554792333990917541086673736572E-06
       -5.369997024536132812500000000000    1.757079417075146920979022979736E-06
       -5.359996795654296875000000000000    1.978958152903942391276359558105E-06
       -5.349996566772460937500000000000    2.222818011432536877691745758057E-06
       -5.339996337890625000000000000000    2.491272425686474889516830444336E-06
       -5.329996109008789062500000000000    2.787185394481639377772808074951E-06
       -5.319995880126953125000000000000    3.113700131507357582449913024902E-06
       -5.309995651245117187500000000000    3.474268623904208652675151824951E-06
       -5.299995422363281250000000000000    3.872686647810041904449462890625E-06
       -5.289995193481445312500000000000    4.313131285016424953937530517578E-06
       -5.279994964599609375000000000000    4.800199349119793623685836791992E-06
       -5.269994735717773437500000000000    5.338953087630216032266616821289E-06
       -5.259994506835937500000000000000    5.934969522058963775634765625000E-06
       -5.249994277954101562500000000000    6.594391379621811211109161376953E-06
       -5.239994049072265625000000000000    7.323986210394650697708129882812E-06
       -5.229993820190429687500000000000    8.131212780426722019910812377930E-06
       -5.219993591308593750000000000000    9.024286555359140038490295410156E-06
       -5.209993362426757812500000000000    1.001225882646394893527030944824E-05
       -5.199993133544921875000000000000    1.110510311264079064130783081055E-05
       -5.189992904663085937500000000000    1.231380429089767858386039733887E-05
       -5.179992675781250000000000000000    1.365046045975759625434875488281E-05
       -5.169992446899414062500000000000    1.512839935458032414317131042480E-05
       -5.159992218017578125000000000000    1.676228930591605603694915771484E-05
       -5.149991989135742187500000000000    1.856828021118417382240295410156E-05
       -5.139991760253906250000000000000    2.056415542028844356536865234375E-05
       -5.129991531372070312500000000000    2.276947998325340449810028076172E-05
       -5.119991302490234375000000000000    2.520578345865942537784576416016E-05
       -5.109991073608398437500000000000    2.789674545056186616420745849609E-05
       -5.099990844726562500000000000000    3.086841752519831061363220214844E-05
       -5.089990615844726562500000000000    3.414944148971699178218841552734E-05
       -5.079990386962890625000000000000    3.777130768867209553718566894531E-05
       -5.069990158081054687500000000000    4.176863512839190661907196044922E-05
       -5.059989929199218750000000000000    4.617946251528337597846984863281E-05
       -5.049989700317382812500000000000    5.104559022583998739719390869141E-05
       -5.039989471435546875000000000000    5.641293682856485247611999511719E-05
       -5.029989242553710937500000000000    6.233193562366068363189697265625E-05
       -5.019989013671875000000000000000    6.885795301059260964393615722656E-05
       -5.009988784790039062500000000000    7.605178689118474721908569335938E-05
       -4.999988555908203125000000000000    8.398015779675915837287902832031E-05
       -4.989988327026367187500000000000    9.271627641282975673675537109375E-05
       -4.979988098144531250000000000000    1.023404693114571273326873779297E-04
       -4.969987869262695312500000000000    1.129408483393490314483642578125E-04
       -4.959987640380859375000000000000    1.246140745934098958969116210938E-04
       -4.949987411499023437500000000000    1.374660641886293888092041015625E-04
       -4.939987182617187500000000000000    1.516129414085298776626586914062E-04
       -4.929986953735351562500000000000    1.671820064075291156768798828125E-04
       -4.919986724853515625000000000000    1.843127247411757707595825195312E-04
       -4.909986495971679687500000000000    2.031578624155372381210327148438E-04
       -4.899986267089843750000000000000    2.238847082480788230895996093750E-04
       -4.889986038208007812500000000000    2.466764999553561210632324218750E-04
       -4.879985809326171875000000000000    2.717337920330464839935302734375E-04
       -4.869985580444335937500000000000    2.992760855704545974731445312500E-04
       -4.859985351562500000000000000000    3.295436617918312549591064453125E-04
       -4.849985122680664062500000000000    3.627993282862007617950439453125E-04
       -4.839984893798828125000000000000    3.993305726908147335052490234375E-04
       -4.829984664916992187500000000000    4.394517163746058940887451171875E-04
       -4.819984436035156250000000000000    4.835064755752682685852050781250E-04
       -4.809984207153320312500000000000    5.318706389516592025756835937500E-04
       -4.799983978271484375000000000000    5.849548615515232086181640625000E-04
       -4.789983749389648437500000000000    6.432078080251812934875488281250E-04
       -4.779983520507812500000000000000    7.071194704622030258178710937500E-04
       -4.769983291625976562500000000000    7.772251265123486518859863281250E-04
       -4.759983062744140625000000000000    8.541091810911893844604492187500E-04
       -4.749982833862304687500000000000    9.384098229929804801940917968750E-04
       -4.739982604980468750000000000000    1.030823332257568836212158203125E-03
       -4.729982376098632812500000000000    1.132109551690518856048583984375E-03
       -4.719982147216796875000000000000    1.243097591213881969451904296875E-03
       -4.709981918334960937500000000000    1.364691765047609806060791015625E-03
       -4.699981689453125000000000000000    1.497878110967576503753662109375E-03
       -4.689981460571289062500000000000    1.643731608055531978607177734375E-03
       -4.679981231689453125000000000000    1.803424092940986156463623046875E-03
       -4.669981002807617187500000000000    1.978232525289058685302734375000E-03
       -4.659980773925781250000000000000    2.169548533856868743896484375000E-03
       -4.649980545043945312500000000000    2.378887496888637542724609375000E-03
       -4.639980316162109375000000000000    2.607900649309158325195312500000E-03
       -4.629980087280273437500000000000    2.858384978026151657104492187500E-03
       -4.619979858398437500000000000000    3.132297191768884658813476562500E-03
       -4.609979629516601562500000000000    3.431766293942928314208984375000E-03
       -4.599979400634765625000000000000    3.759108949452638626098632812500E-03
       -4.589979171752929687500000000000    4.116845782846212387084960937500E-03
       -4.579978942871093750000000000000    4.507718142122030258178710937500E-03
       -4.569978713989257812500000000000    4.934708122164011001586914062500E-03
       -4.559978485107421875000000000000    5.401056725531816482543945312500E-03
       -4.549978256225585937500000000000    5.910286214202642440795898437500E-03
       -4.539978027343750000000000000000    6.466224323958158493041992187500E-03
       -4.529977798461914062500000000000    7.073029410094022750854492187500E-03
       -4.519977569580078125000000000000    7.735219318419694900512695312500E-03
       -4.509977340698242187500000000000    8.457699790596961975097656250000E-03
       -4.499977111816406250000000000000    9.245797991752624511718750000000E-03
       -4.489976882934570312500000000000    1.010529510676860809326171875000E-02
       -4.479976654052734375000000000000    1.104246452450752258300781250000E-02
       -4.469976425170898437500000000000    1.206411607563495635986328125000E-02
       -4.459976196289062500000000000000    1.317763328552246093750000000000E-02
       -4.449975967407226562500000000000    1.439102739095687866210937500000E-02
       -4.439975738525390625000000000000    1.571298390626907348632812500000E-02
       -4.429975509643554687500000000000    1.715291664004325866699218750000E-02
       -4.419975280761718750000000000000    1.872103288769721984863281250000E-02
       -4.409975051879882812500000000000    2.042838558554649353027343750000E-02
       -4.399974822998046875000000000000    2.228695899248123168945312500000E-02
       -4.389974594116210937500000000000    2.430972456932067871093750000000E-02
       -4.379974365234375000000000000000    2.651073038578033447265625000000E-02
       -4.369974136352539062500000000000    2.890518680214881896972656250000E-02
       -4.359973907470703125000000000000    3.150955960154533386230468750000E-02
       -4.349973678588867187500000000000    3.434166684746742248535156250000E-02
       -4.339973449707031250000000000000    3.742078319191932678222656250000E-02
       -4.329973220825195312500000000000    4.076774790883064270019531250000E-02
       -4.319972991943359375000000000000    4.440511390566825866699218750000E-02
       -4.309972763061523437500000000000    4.835725203156471252441406250000E-02
       -4.299972534179687500000000000000    5.265051499009132385253906250000E-02
       -4.289972305297851562500000000000    5.731338635087013244628906250000E-02
       -4.279972076416015625000000000000    6.237662956118583679199218750000E-02
       -4.269971847534179687500000000000    6.787349283695220947265625000000E-02
       -4.259971618652343750000000000000    7.383984327316284179687500000000E-02
       -4.249971389770507812500000000000    8.031445741653442382812500000000E-02
       -4.239971160888671875000000000000    8.733916282653808593750000000000E-02
       -4.229970932006835937500000000000    9.495912492275238037109375000000E-02
       -4.219970703125000000000000000000    1.032230556011199951171875000000E-01
       -4.209970474243164062500000000000    1.121835261583328247070312500000E-01
       -4.199970245361328125000000000000    1.218972355127334594726562500000E-01
       -4.189970016479492187500000000000    1.324253082275390625000000000000E-01
       -4.179969787597656250000000000000    1.438336521387100219726562500000E-01
       -4.169969558715820312500000000000    1.561933159828186035156250000000E-01
       -4.159969329833984375000000000000    1.695808321237564086914062500000E-01
       -4.149969100952148437500000000000    1.840786337852478027343750000000E-01
       -4.139968872070312500000000000000    1.997755318880081176757812500000E-01
       -4.129968643188476562500000000000    2.167672216892242431640625000000E-01
       -4.119968414306640625000000000000    2.351566404104232788085937500000E-01
       -4.109968185424804687500000000000    2.550546228885650634765625000000E-01
       -4.099967956542968750000000000000    2.765803933143615722656250000000E-01
       -4.089967727661132812500000000000    2.998623549938201904296875000000E-01
       -4.079967498779296875000000000000    3.250384926795959472656250000000E-01
       -4.069967269897460937500000000000    3.522572219371795654296875000000E-01
       -4.059967041015625000000000000000    3.816782236099243164062500000000E-01
       -4.049966812133789062500000000000    4.134730398654937744140625000000E-01
       -4.039966583251953125000000000000    4.478260278701782226562500000000E-01
       -4.029966354370117187500000000000    4.849351942539215087890625000000E-01
       -4.019966125488281250000000000000    5.250133275985717773437500000000E-01
       -4.009965896606445312500000000000    5.682890415191650390625000000000E-01
       -3.999965906143188476562500000000    6.150075197219848632812500000000E-01
       -3.989965915679931640625000000000    6.654322147369384765625000000000E-01
       -3.979965925216674804687500000000    7.198458909988403320312500000000E-01
       -3.969965934753417968750000000000    7.785516977310180664062500000000E-01
       -3.959965944290161132812500000000    8.418750762939453125000000000000E-01
       -3.949965953826904296875000000000    9.101648330688476562500000000000E-01
       -3.939965963363647460937500000000    9.837951660156250000000000000000E-01
       -3.929965972900390625000000000000    1.063167214393615722656250000000E+00
       -3.919965982437133789062500000000    1.148710727691650390625000000000E+00
       -3.909965991973876953125000000000    1.240886330604553222656250000000E+00
       -3.899966001510620117187500000000    1.340187549591064453125000000000E+00
       -3.889966011047363281250000000000    1.447142720222473144531250000000E+00
       -3.879966020584106445312500000000    1.562317848205566406250000000000E+00
       -3.869966030120849609375000000000    1.686318755149841308593750000000E+00
       -3.859966039657592773437500000000    1.819793462753295898437500000000E+00
       -3.849966049194335937500000000000    1.963436007499694824218750000000E+00
       -3.839966058731079101562500000000    2.117988586425781250000000000000E+00
       -3.829966068267822265625000000000    2.284244537353515625000000000000E+00
       -3.819966077804565429687500000000    2.463053226470947265625000000000E+00
       -3.809966087341308593750000000000    2.655322074890136718750000000000E+00
       -3.799966096878051757812500000000    2.862020492553710937500000000000E+00
       -3.789966106414794921875000000000    3.084185123443603515625000000000E+00
       -3.779966115951538085937500000000    3.322923183441162109375000000000E+00
       -3.769966125488281250000000000000    3.579417228698730468750000000000E+00
       -3.759966135025024414062500000000    3.854929924011230468750000000000E+00
       -3.749966144561767578125000000000    4.150809764862060546875000000000E+00
       -3.739966154098510742187500000000    4.468495368957519531250000000000E+00
       -3.729966163635253906250000000000    4.809522151947021484375000000000E+00
       -3.719966173171997070312500000000    5.175528526306152343750000000000E+00
       -3.709966182708740234375000000000    5.568260669708251953125000000000E+00
       -3.699966192245483398437500000000    5.989582061767578125000000000000E+00
       -3.689966201782226562500000000000    6.441479206085205078125000000000E+00
       -3.679966211318969726562500000000    6.926068305969238281250000000000E+00
       -3.669966220855712890625000000000    7.445605754852294921875000000000E+00
       -3.659966230392456054687500000000    8.002494812011718750000000000000E+00
       -3.649966239929199218750000000000    8.599294662475585937500000000000E+00
       -3.639966249465942382812500000000    9.238731384277343750000000000000E+00
       -3.629966259002685546875000000000    9.923706054687500000000000000000E+00
       -3.619966268539428710937500000000    1.065730667114257812500000000000E+01
       -3.609966278076171875000000000000    1.144281959533691406250000000000E+01
       -3.599966287612915039062500000000    1.228374099731445312500000000000E+01
       -3.589966297149658203125000000000    1.318379020690917968750000000000E+01
       -3.579966306686401367187500000000    1.414692115783691406250000000000E+01
       -3.569966316223144531250000000000    1.517733764648437500000000000000E+01
       -3.559966325759887695312500000000    1.627951049804687500000000000000E+01
       -3.549966335296630859375000000000    1.745818328857421875000000000000E+01
       -3.539966344833374023437500000000    1.871839904785156250000000000000E+01
       -3.529966354370117187500000000000    2.006551742553710937500000000000E+01
       -3.519966363906860351562500000000    2.150522613525390625000000000000E+01
       -3.509966373443603515625000000000    2.304356765747070312500000000000E+01
       -3.499966382980346679687500000000    2.468695068359375000000000000000E+01
       -3.489966392517089843750000000000    2.644217681884765625000000000000E+01
       -3.479966402053833007812500000000    2.831645965576171875000000000000E+01
       -3.469966411590576171875000000000    3.031744766235351562500000000000E+01
       -3.459966421127319335937500000000    3.245325851440429687500000000000E+01
       -3.449966430664062500000000000000    3.473249435424804687500000000000E+01
       -3.439966440200805664062500000000    3.716426467895507812500000000000E+01
       -3.429966449737548828125000000000    3.975822830200195312500000000000E+01
       -3.419966459274291992187500000000    4.252461624145507812500000000000E+01
       -3.409966468811035156250000000000    4.547426986694335937500000000000E+01
       -3.399966478347778320312500000000    4.861865615844726562500000000000E+01
       -3.389966487884521484375000000000    5.196992111206054687500000000000E+01
       -3.379966497421264648437500000000    5.554092025756835937500000000000E+01
       -3.369966506958007812500000000000    5.934525680541992187500000000000E+01
       -3.359966516494750976562500000000    6.339731216430664062500000000000E+01
       -3.349966526031494140625000000000    6.771229553222656250000000000000E+01
       -3.339966535568237304687500000000    7.230628967285156250000000000000E+01
       -3.329966545104980468750000000000    7.719630432128906250000000000000E+01
       -3.319966554641723632812500000000    8.240028381347656250000000000000E+01
       -3.309966564178466796875000000000    8.793722534179687500000000000000E+01
       -3.299966573715209960937500000000    9.382716369628906250000000000000E+01
       -3.289966583251953125000000000000    1.000912933349609375000000000000E+02
       -3.279966592788696289062500000000    1.067519378662109375000000000000E+02
       -3.269966602325439453125000000000    1.138327178955078125000000000000E+02
       -3.259966611862182617187500000000    1.213585052490234375000000000000E+02
       -3.249966621398925781250000000000    1.293555755615234375000000000000E+02
       -3.239966630935668945312500000000    1.378516082763671875000000000000E+02
       -3.229966640472412109375000000000    1.468758087158203125000000000000E+02
       -3.219966650009155273437500000000    1.564589691162109375000000000000E+02
       -3.209966659545898437500000000000    1.666335296630859375000000000000E+02
       -3.199966669082641601562500000000    1.774337005615234375000000000000E+02
       -3.189966678619384765625000000000    1.888954925537109375000000000000E+02
       -3.179966688156127929687500000000    2.010568389892578125000000000000E+02
       -3.169966697692871093750000000000    2.139576263427734375000000000000E+02
       -3.159966707229614257812500000000    2.276399078369140625000000000000E+02
       -3.149966716766357421875000000000    2.421479034423828125000000000000E+02
       -3.139966726303100585937500000000    2.575281982421875000000000000000E+02
       -3.129966735839843750000000000000    2.738297119140625000000000000000E+02
       -3.119966745376586914062500000000    2.911038818359375000000000000000E+02
       -3.109966754913330078125000000000    3.094048461914062500000000000000E+02
       -3.099966764450073242187500000000    3.287894897460937500000000000000E+02
       -3.089966773986816406250000000000    3.493175048828125000000000000000E+02
       -3.079966783523559570312500000000    3.710516357421875000000000000000E+02
       -3.069966793060302734375000000000    3.940578002929687500000000000000E+02
       -3.059966802597045898437500000000    4.184052124023437500000000000000E+02
       -3.049966812133789062500000000000    4.441665649414062500000000000000E+02
       -3.039966821670532226562500000000    4.714180908203125000000000000000E+02
       -3.029966831207275390625000000000    5.002397460937500000000000000000E+02
       -3.019966840744018554687500000000    5.307153930664062500000000000000E+02
       -3.009966850280761718750000000000    5.629329833984375000000000000000E+02
       -2.999966859817504882812500000000    5.969846801757812500000000000000E+02
       -2.989966869354248046875000000000    6.329672851562500000000000000000E+02
       -2.979966878890991210937500000000    6.709821166992187500000000000000E+02
       -2.969966888427734375000000000000    7.111351318359375000000000000000E+02
       -2.959966897964477539062500000000    7.535374145507812500000000000000E+02
       -2.949966907501220703125000000000    7.983052978515625000000000000000E+02
       -2.939966917037963867187500000000    8.455603637695312500000000000000E+02
       -2.929966926574707031250000000000    8.954301757812500000000000000000E+02
       -2.919966936111450195312500000000    9.480480346679687500000000000000E+02
       -2.909966945648193359375000000000    1.003553222656250000000000000000E+03
       -2.899966955184936523437500000000    1.062091552734375000000000000000E+03
       -2.889966964721679687500000000000    1.123815185546875000000000000000E+03
       -2.879966974258422851562500000000    1.188883544921875000000000000000E+03
       -2.869966983795166015625000000000    1.257462646484375000000000000000E+03
       -2.859966993331909179687500000000    1.329726318359375000000000000000E+03
       -2.849967002868652343750000000000    1.405855957031250000000000000000E+03
       -2.839967012405395507812500000000    1.486041015625000000000000000000E+03
       -2.829967021942138671875000000000    1.570479003906250000000000000000E+03
       -2.819967031478881835937500000000    1.659375976562500000000000000000E+03
       -2.809967041015625000000000000000    1.752946777343750000000000000000E+03
       -2.799967050552368164062500000000    1.851415771484375000000000000000E+03
       -2.789967060089111328125000000000    1.955016601562500000000000000000E+03
       -2.779967069625854492187500000000    2.063993164062500000000000000000E+03
       -2.769967079162597656250000000000    2.178599121093750000000000000000E+03
       -2.759967088699340820312500000000    2.299099121093750000000000000000E+03
       -2.749967098236083984375000000000    2.425768554687500000000000000000E+03
       -2.739967107772827148437500000000    2.558894042968750000000000000000E+03
       -2.729967117309570312500000000000    2.698773925781250000000000000000E+03
       -2.719967126846313476562500000000    2.845718261718750000000000000000E+03
       -2.709967136383056640625000000000    3.000049804687500000000000000000E+03
       -2.699967145919799804687500000000    3.162104980468750000000000000000E+03
       -2.689967155456542968750000000000    3.332232421875000000000000000000E+03
       -2.679967164993286132812500000000    3.510794921875000000000000000000E+03
       -2.669967174530029296875000000000    3.698168945312500000000000000000E+03
       -2.659967184066772460937500000000    3.894746093750000000000000000000E+03
       -2.649967193603515625000000000000    4.100933105468750000000000000000E+03
       -2.639967203140258789062500000000    4.317151367187500000000000000000E+03
       -2.629967212677001953125000000000    4.543839355468750000000000000000E+03
       -2.619967222213745117187500000000    4.781450195312500000000000000000E+03
       -2.609967231750488281250000000000    5.030456542968750000000000000000E+03
       -2.599967241287231445312500000000    5.291345703125000000000000000000E+03
       -2.589967250823974609375000000000    5.564624511718750000000000000000E+03
       -2.579967260360717773437500000000    5.850818359375000000000000000000E+03
       -2.569967269897460937500000000000    6.150470214843750000000000000000E+03
       -2.559967279434204101562500000000    6.464143554687500000000000000000E+03
       -2.549967288970947265625000000000    6.792421386718750000000000000000E+03
       -2.539967298507690429687500000000    7.135907226562500000000000000000E+03
       -2.529967308044433593750000000000    7.495226074218750000000000000000E+03
       -2.519967317581176757812500000000    7.871022460937500000000000000000E+03
       -2.509967327117919921875000000000    8.263964843750000000000000000000E+03
       -2.499967336654663085937500000000    8.674745117187500000000000000000E+03
       -2.489967346191406250000000000000    9.104076171875000000000000000000E+03
       -2.479967355728149414062500000000    9.552694335937500000000000000000E+03
       -2.469967365264892578125000000000    1.002136132812500000000000000000E+04
       -2.459967374801635742187500000000    1.051086230468750000000000000000E+04
       -2.449967384338378906250000000000    1.102200781250000000000000000000E+04
       -2.439967393875122070312500000000    1.155563378906250000000000000000E+04
       -2.429967403411865234375000000000    1.211260546875000000000000000000E+04
       -2.419967412948608398437500000000    1.269381152343750000000000000000E+04
       -2.409967422485351562500000000000    1.330016992187500000000000000000E+04
       -2.399967432022094726562500000000    1.393262792968750000000000000000E+04
       -2.389967441558837890625000000000    1.459215820312500000000000000000E+04
       -2.379967451095581054687500000000    1.527976464843750000000000000000E+04
       -2.369967460632324218750000000000    1.599648242187500000000000000000E+04
       -2.359967470169067382812500000000    1.674337109375000000000000000000E+04
       -2.349967479705810546875000000000    1.752152539062500000000000000000E+04
       -2.339967489242553710937500000000    1.833207031250000000000000000000E+04
       -2.329967498779296875000000000000    1.917616210937500000000000000000E+04
       -2.319967508316040039062500000000    2.005498828125000000000000000000E+04
       -2.309967517852783203125000000000    2.096976757812500000000000000000E+04
       -2.299967527389526367187500000000    2.192175390625000000000000000000E+04
       -2.289967536926269531250000000000    2.291223242187500000000000000000E+04
       -2.279967546463012695312500000000    2.394252343750000000000000000000E+04
       -2.269967555999755859375000000000    2.501398242187500000000000000000E+04
       -2.259967565536499023437500000000    2.612800000000000000000000000000E+04
       -2.249967575073242187500000000000    2.728599804687500000000000000000E+04
       -2.239967584609985351562500000000    2.848943750000000000000000000000E+04
       -2.229967594146728515625000000000    2.973981445312500000000000000000E+04
       -2.219967603683471679687500000000    3.103865625000000000000000000000E+04
       -2.209967613220214843750000000000    3.238752929687500000000000000000E+04
       -2.199967622756958007812500000000    3.378803906250000000000000000000E+04
       -2.189967632293701171875000000000    3.524182812500000000000000000000E+04
       -2.179967641830444335937500000000    3.675057031250000000000000000000E+04
       -2.169967651367187500000000000000    3.831597656250000000000000000000E+04
       -2.159967660903930664062500000000    3.993980468750000000000000000000E+04
       -2.149967670440673828125000000000    4.162383593750000000000000000000E+04
       -2.139967679977416992187500000000    4.336989062500000000000000000000E+04
       -2.129967689514160156250000000000    4.517983593750000000000000000000E+04
       -2.119967699050903320312500000000    4.705556250000000000000000000000E+04
       -2.109967708587646484375000000000    4.899900781250000000000000000000E+04
       -2.099967718124389648437500000000    5.101214843750000000000000000000E+04
       -2.089967727661132812500000000000    5.309698437500000000000000000000E+04
       -2.079967737197875976562500000000    5.525556250000000000000000000000E+04
       -2.069967746734619140625000000000    5.748996875000000000000000000000E+04
       -2.059967756271362304687500000000    5.980232812500000000000000000000E+04
       -2.049967765808105468750000000000    6.219478906250000000000000000000E+04
       -2.039967775344848632812500000000    6.466953125000000000000000000000E+04
       -2.029967784881591796875000000000    6.722878125000000000000000000000E+04
       -2.019967794418334960937500000000    6.987479687500000000000000000000E+04
       -2.009967803955078125000000000000    7.260985937500000000000000000000E+04
       -1.999967813491821289062500000000    7.543629687500000000000000000000E+04
       -1.989967823028564453125000000000    7.835645312500000000000000000000E+04
       -1.979967832565307617187500000000    8.137270312500000000000000000000E+04
       -1.969967842102050781250000000000    8.448746875000000000000000000000E+04
       -1.959967851638793945312500000000    8.770318750000000000000000000000E+04
       -1.949967861175537109375000000000    9.102234375000000000000000000000E+04
       -1.939967870712280273437500000000    9.444742187500000000000000000000E+04
       -1.929967880249023437500000000000    9.798095312500000000000000000000E+04
       -1.919967889785766601562500000000    1.016255000000000000000000000000E+05
       -1.909967899322509765625000000000    1.053836406250000000000000000000E+05
       -1.899967908859252929687500000000    1.092579687500000000000000000000E+05
       -1.889967918395996093750000000000    1.132510781250000000000000000000E+05
       -1.879967927932739257812500000000    1.173656093750000000000000000000E+05
       -1.869967937469482421875000000000    1.216042187500000000000000000000E+05
       -1.859967947006225585937500000000    1.259695625000000000000000000000E+05
       -1.849967956542968750000000000000    1.304643281250000000000000000000E+05
       -1.839967966079711914062500000000    1.350912031250000000000000000000E+05
       -1.829967975616455078125000000000    1.398528906250000000000000000000E+05
       -1.819967985153198242187500000000    1.447520781250000000000000000000E+05
       -1.809967994689941406250000000000    1.497914843750000000000000000000E+05
       -1.799968004226684570312500000000    1.549738593750000000000000000000E+05
       -1.789968013763427734375000000000    1.603019218750000000000000000000E+05
       -1.779968023300170898437500000000    1.657783906250000000000000000000E+05
       -1.769968032836914062500000000000    1.714059531250000000000000000000E+05
       -1.759968042373657226562500000000    1.771873281250000000000000000000E+05
       -1.749968051910400390625000000000    1.831252343750000000000000000000E+05
       -1.739968061447143554687500000000    1.892223593750000000000000000000E+05
       -1.729968070983886718750000000000    1.954813593750000000000000000000E+05
       -1.719968080520629882812500000000    2.019048906250000000000000000000E+05
       -1.709968090057373046875000000000    2.084956093750000000000000000000E+05
       -1.699968099594116210937500000000    2.152561406250000000000000000000E+05
       -1.689968109130859375000000000000    2.221890468750000000000000000000E+05
       -1.679968118667602539062500000000    2.292968593750000000000000000000E+05
       -1.669968128204345703125000000000    2.365821406250000000000000000000E+05
       -1.659968137741088867187500000000    2.440473593750000000000000000000E+05
       -1.649968147277832031250000000000    2.516949843750000000000000000000E+05
       -1.639968156814575195312500000000    2.595273906250000000000000000000E+05
       -1.629968166351318359375000000000    2.675470000000000000000000000000E+05
       -1.619968175888061523437500000000    2.757560625000000000000000000000E+05
       -1.609968185424804687500000000000    2.841568125000000000000000000000E+05
       -1.599968194961547851562500000000    2.927514375000000000000000000000E+05
       -1.589968204498291015625000000000    3.015421250000000000000000000000E+05
       -1.579968214035034179687500000000    3.105308750000000000000000000000E+05
       -1.569968223571777343750000000000    3.197196875000000000000000000000E+05
       -1.559968233108520507812500000000    3.291105000000000000000000000000E+05
       -1.549968242645263671875000000000    3.387051875000000000000000000000E+05
       -1.539968252182006835937500000000    3.485055000000000000000000000000E+05
       -1.529968261718750000000000000000    3.585130625000000000000000000000E+05
       -1.519968271255493164062500000000    3.687294375000000000000000000000E+05
       -1.509968280792236328125000000000    3.791561250000000000000000000000E+05
       -1.499968290328979492187500000000    3.897945000000000000000000000000E+05
       -1.489968299865722656250000000000    4.006458750000000000000000000000E+05
       -1.479968309402465820312500000000    4.117114375000000000000000000000E+05
       -1.469968318939208984375000000000    4.229921875000000000000000000000E+05
       -1.459968328475952148437500000000    4.344890625000000000000000000000E+05
       -1.449968338012695312500000000000    4.462028750000000000000000000000E+05
       -1.439968347549438476562500000000    4.581343750000000000000000000000E+05
       -1.429968357086181640625000000000    4.702841250000000000000000000000E+05
       -1.419968366622924804687500000000    4.826525000000000000000000000000E+05
       -1.409968376159667968750000000000    4.952398750000000000000000000000E+05
       -1.399968385696411132812500000000    5.080462500000000000000000000000E+05
       -1.389968395233154296875000000000    5.210717500000000000000000000000E+05
       -1.379968404769897460937500000000    5.343161250000000000000000000000E+05
       -1.369968414306640625000000000000    5.477791250000000000000000000000E+05
       -1.359968423843383789062500000000    5.614602500000000000000000000000E+05
       -1.349968433380126953125000000000    5.753588750000000000000000000000E+05
       -1.339968442916870117187500000000    5.894742500000000000000000000000E+05
       -1.329968452453613281250000000000    6.038053750000000000000000000000E+05
       -1.319968461990356445312500000000    6.183510000000000000000000000000E+05
       -1.309968471527099609375000000000    6.331097500000000000000000000000E+05
       -1.299968481063842773437500000000    6.480801250000000000000000000000E+05
       -1.289968490600585937500000000000    6.632605000000000000000000000000E+05
       -1.279968500137329101562500000000    6.786490000000000000000000000000E+05
       -1.269968509674072265625000000000    6.942435000000000000000000000000E+05
       -1.259968519210815429687500000000    7.100417500000000000000000000000E+05
       -1.249968528747558593750000000000    7.260412500000000000000000000000E+05
       -1.239968538284301757812500000000    7.422392500000000000000000000000E+05
       -1.229968547821044921875000000000    7.586327500000000000000000000000E+05
       -1.219968557357788085937500000000    7.752187500000000000000000000000E+05
       -1.209968566894531250000000000000    7.919938750000000000000000000000E+05
       -1.199968576431274414062500000000    8.089546250000000000000000000000E+05
       -1.189968585968017578125000000000    8.260972500000000000000000000000E+05
       -1.179968595504760742187500000000    8.434177500000000000000000000000E+05
       -1.169968605041503906250000000000    8.609120000000000000000000000000E+05
       -1.159968614578247070312500000000    8.785756250000000000000000000000E+05
       -1.149968624114990234375000000000    8.964038750000000000000000000000E+05
       -1.139968633651733398437500000000    9.143917500000000000000000000000E+05
       -1.129968643188476562500000000000    9.325342500000000000000000000000E+05
       -1.119968652725219726562500000000    9.508261250000000000000000000000E+05
       -1.109968662261962890625000000000    9.692617500000000000000000000000E+05
       -1.099968671798706054687500000000    9.878353750000000000000000000000E+05
       -1.089968681335449218750000000000    1.006540875000000000000000000000E+06
       -1.079968690872192382812500000000    1.025372125000000000000000000000E+06
       -1.069968700408935546875000000000    1.044322625000000000000000000000E+06
       -1.059968709945678710937500000000    1.063385625000000000000000000000E+06
       -1.049968719482421875000000000000    1.082554375000000000000000000000E+06
       -1.039968729019165039062500000000    1.101821625000000000000000000000E+06
       -1.029968738555908203125000000000    1.121180125000000000000000000000E+06
       -1.019968748092651367187500000000    1.140622375000000000000000000000E+06
       -1.009968757629394531250000000000    1.160140375000000000000000000000E+06
       -0.999968767166137695312500000000    1.179726125000000000000000000000E+06
       -0.989968776702880859375000000000    1.199371125000000000000000000000E+06
       -0.979968786239624023437500000000    1.219067125000000000000000000000E+06
       -0.969968795776367187500000000000    1.238805625000000000000000000000E+06
       -0.959968805313110351562500000000    1.258577625000000000000000000000E+06
       -0.949968814849853515625000000000    1.278373875000000000000000000000E+06
       -0.939968824386596679687500000000    1.298185375000000000000000000000E+06
       -0.929968833923339843750000000000    1.318002375000000000000000000000E+06
       -0.919968843460083007812500000000    1.337815375000000000000000000000E+06
       -0.909968852996826171875000000000    1.357614625000000000000000000000E+06
       -0.899968862533569335937500000000    1.377389875000000000000000000000E+06
       -0.889968872070312500000000000000    1.397130875000000000000000000000E+06
       -0.879968881607055664062500000000    1.416827375000000000000000000000E+06
       -0.869968891143798828125000000000    1.436468875000000000000000000000E+06
       -0.859968900680541992187500000000    1.456044625000000000000000000000E+06
       -0.849968910217285156250000000000    1.475543875000000000000000000000E+06
       -0.839968919754028320312500000000    1.494955625000000000000000000000E+06
       -0.829968929290771484375000000000    1.514268625000000000000000000000E+06
       -0.819968938827514648437500000000    1.533471625000000000000000000000E+06
       -0.809968948364257812500000000000    1.552553125000000000000000000000E+06
       -0.799968957901000976562500000000    1.571501625000000000000000000000E+06
       -0.789968967437744140625000000000    1.590305625000000000000000000000E+06
       -0.779968976974487304687500000000    1.608953375000000000000000000000E+06
       -0.769968986511230468750000000000    1.627433125000000000000000000000E+06
       -0.759968996047973632812500000000    1.645732875000000000000000000000E+06
       -0.749969005584716796875000000000    1.663840875000000000000000000000E+06
       -0.739969015121459960937500000000    1.681744875000000000000000000000E+06
       -0.729969024658203125000000000000    1.699432875000000000000000000000E+06
       -0.719969034194946289062500000000    1.716892875000000000000000000000E+06
       -0.709969043731689453125000000000    1.734112625000000000000000000000E+06
       -0.699969053268432617187500000000    1.751079875000000000000000000000E+06
       -0.689969062805175781250000000000    1.767782375000000000000000000000E+06
       -0.679969072341918945312500000000    1.784207875000000000000000000000E+06
       -0.669969081878662109375000000000    1.800344375000000000000000000000E+06
       -0.659969091415405273437500000000    1.816179625000000000000000000000E+06
       -0.649969100952148437500000000000    1.831701375000000000000000000000E+06
       -0.639969110488891601562500000000    1.846897625000000000000000000000E+06
       -0.629969120025634765625000000000    1.861756125000000000000000000000E+06
       -0.619969129562377929687500000000    1.876264875000000000000000000000E+06
       -0.609969139099121093750000000000    1.890411875000000000000000000000E+06
       -0.599969148635864257812500000000    1.904185125000000000000000000000E+06
       -0.589969158172607421875000000000    1.917572875000000000000000000000E+06
       -0.579969167709350585937500000000    1.930563625000000000000000000000E+06
       -0.569969177246093750000000000000    1.943145875000000000000000000000E+06
       -0.559969186782836914062500000000    1.955308125000000000000000000000E+06
       -0.549969196319580078125000000000    1.967038875000000000000000000000E+06
       -0.539969205856323242187500000000    1.978327125000000000000000000000E+06
       -0.529969215393066406250000000000    1.989161875000000000000000000000E+06
       -0.519969224929809570312500000000    1.999532375000000000000000000000E+06
       -0.509969234466552734375000000000    2.009427875000000000000000000000E+06
       -0.499969244003295898437500000000    2.018837875000000000000000000000E+06
       -0.489969253540039062500000000000    2.027752125000000000000000000000E+06
       -0.479969263076782226562500000000    2.036160375000000000000000000000E+06
       -0.469969272613525390625000000000    2.044053125000000000000000000000E+06
       -0.459969282150268554687500000000    2.051420625000000000000000000000E+06
       -0.449969291687011718750000000000    2.058253625000000000000000000000E+06
       -0.439969301223754882812500000000    2.064542875000000000000000000000E+06
       -0.429969310760498046875000000000    2.070279625000000000000000000000E+06
       -0.419969320297241210937500000000    2.075455125000000000000000000000E+06
       -0.409969329833984375000000000000    2.080061125000000000000000000000E+06
       -0.399969339370727539062500000000    2.084089625000000000000000000000E+06
       -0.389969348907470703125000000000    2.087533125000000000000000000000E+06
       -0.379969358444213867187500000000    2.090384125000000000000000000000E+06
       -0.369969367980957031250000000000    2.092635625000000000000000000000E+06
       -0.359969377517700195312500000000    2.094280625000000000000000000000E+06
       -0.349969387054443359375000000000    2.095312625000000000000000000000E+06
       -0.339969396591186523437500000000    2.095725625000000000000000000000E+06
       -0.329969406127929687500000000000    2.095514125000000000000000000000E+06
       -0.319969415664672851562500000000    2.094672625000000000000000000000E+06
       -0.309969425201416015625000000000    2.093196125000000000000000000000E+06
       -0.299969434738159179687500000000    2.091079875000000000000000000000E+06
       -0.289969444274902343750000000000    2.088319625000000000000000000000E+06
       -0.279969453811645507812500000000    2.084911375000000000000000000000E+06
       -0.269969463348388671875000000000    2.080851625000000000000000000000E+06
       -0.259969472885131835937500000000    2.076137375000000000000000000000E+06
       -0.249969467520713806152343750000    2.070765875000000000000000000000E+06
       -0.239969462156295776367187500000    2.064734875000000000000000000000E+06
       -0.229969456791877746582031250000    2.058042375000000000000000000000E+06
       -0.219969451427459716796875000000    2.050686625000000000000000000000E+06
       -0.209969446063041687011718750000    2.042666375000000000000000000000E+06
       -0.199969440698623657226562500000    2.033981125000000000000000000000E+06
       -0.189969435334205627441406250000    2.024630625000000000000000000000E+06
       -0.179969429969787597656250000000    2.014614625000000000000000000000E+06
       -0.169969424605369567871093750000    2.003933625000000000000000000000E+06
       -0.159969419240951538085937500000    1.992588625000000000000000000000E+06
       -0.149969413876533508300781250000    1.980580875000000000000000000000E+06
       -0.139969408512115478515625000000    1.967912125000000000000000000000E+06
       -0.129969403147697448730468750000    1.954584375000000000000000000000E+06
       -0.119969405233860015869140625000    1.940600375000000000000000000000E+06
       -0.109969407320022583007812500000    1.925962875000000000000000000000E+06
       -0.099969409406185150146484375000    1.910675125000000000000000000000E+06
       -0.089969411492347717285156250000    1.894740875000000000000000000000E+06
       -0.079969413578510284423828125000    1.878164125000000000000000000000E+06
       -0.069969415664672851562500000000    1.860949375000000000000000000000E+06
       -0.059969417750835418701171875000    1.843101625000000000000000000000E+06
       -0.049969419836997985839843750000    1.824626125000000000000000000000E+06
       -0.039969421923160552978515625000    1.805528625000000000000000000000E+06
       -0.029969422146677970886230468750    1.785814875000000000000000000000E+06
       -0.019969422370195388793945312500    1.765491375000000000000000000000E+06
       -0.009969422593712806701660156250    1.744564875000000000000000000000E+06
        0.000030577182769775390625000000    1.723042375000000000000000000000E+06
        0.010030576959252357482910156250    1.700931375000000000000000000000E+06
        0.020030576735734939575195312500    1.678239625000000000000000000000E+06
        0.030030576512217521667480468750    1.654975125000000000000000000000E+06
        0.040030576288700103759765625000    1.631146375000000000000000000000E+06
        0.050030574202537536621093750000    1.606762125000000000000000000000E+06
        0.060030572116374969482421875000    1.581831375000000000000000000000E+06
        0.070030570030212402343750000000    1.556363375000000000000000000000E+06
        0.080030567944049835205078125000    1.530367625000000000000000000000E+06
        0.090030565857887268066406250000    1.503854125000000000000000000000E+06
        0.100030563771724700927734375000    1.476832875000000000000000000000E+06
        0.110030561685562133789062500000    1.449314375000000000000000000000E+06
        0.120030559599399566650390625000    1.421309125000000000000000000000E+06
        0.130030557513236999511718750000    1.392827875000000000000000000000E+06
        0.140030562877655029296875000000    1.363881625000000000000000000000E+06
        0.150030568242073059082031250000    1.334481875000000000000000000000E+06
        0.160030573606491088867187500000    1.304639875000000000000000000000E+06
        0.170030578970909118652343750000    1.274367125000000000000000000000E+06
        0.180030584335327148437500000000    1.243675625000000000000000000000E+06
        0.190030589699745178222656250000    1.212577375000000000000000000000E+06
        0.200030595064163208007812500000    1.181084375000000000000000000000E+06
        0.210030600428581237792968750000    1.149208625000000000000000000000E+06
        0.220030605792999267578125000000    1.116962625000000000000000000000E+06
        0.230030611157417297363281250000    1.084358625000000000000000000000E+06
        0.240030616521835327148437500000    1.051409125000000000000000000000E+06
        0.250030606985092163085937500000    1.018126625000000000000000000000E+06
        0.260030597448348999023437500000    9.845238750000000000000000000000E+05
        0.270030587911605834960937500000    9.506135000000000000000000000000E+05
        0.280030578374862670898437500000    9.164082500000000000000000000000E+05
        0.290030568838119506835937500000    8.819208750000000000000000000000E+05
        0.300030559301376342773437500000    8.471640000000000000000000000000E+05
        0.310030549764633178710937500000    8.121502500000000000000000000000E+05
        0.320030540227890014648437500000    7.768923750000000000000000000000E+05
        0.330030530691146850585937500000    7.414030000000000000000000000000E+05
        0.340030521154403686523437500000    7.056946250000000000000000000000E+05
        0.350030511617660522460937500000    6.697797500000000000000000000000E+05
        0.360030502080917358398437500000    6.336707500000000000000000000000E+05
        0.370030492544174194335937500000    5.973800000000000000000000000000E+05
        0.380030483007431030273437500000    5.609197500000000000000000000000E+05
        0.390030473470687866210937500000    5.243020000000000000000000000000E+05
        0.400030463933944702148437500000    4.875386875000000000000000000000E+05
        0.410030454397201538085937500000    4.506416250000000000000000000000E+05
        0.420030444860458374023437500000    4.136223750000000000000000000000E+05
        0.430030435323715209960937500000    3.764924375000000000000000000000E+05
        0.440030425786972045898437500000    3.392630625000000000000000000000E+05
        0.450030416250228881835937500000    3.019452500000000000000000000000E+05
        0.460030406713485717773437500000    2.645498750000000000000000000000E+05
        0.470030397176742553710937500000    2.270875000000000000000000000000E+05
        0.480030387639999389648437500000    1.895685000000000000000000000000E+05
        0.490030378103256225585937500000    1.520029375000000000000000000000E+05
        0.500030398368835449218750000000    1.144006562500000000000000000000E+05
        0.510030388832092285156250000000    7.677118750000000000000000000000E+04
        0.520030379295349121093750000000    3.912379687500000000000000000000E+04
        0.530030369758605957031250000000    1.467437500000000000000000000000E+03
        0.540030360221862792968750000000   -3.618925000000000000000000000000E+04
        0.550030350685119628906250000000   -7.383795312500000000000000000000E+04
        0.560030341148376464843750000000   -1.114707031250000000000000000000E+05
        0.570030331611633300781250000000   -1.490798593750000000000000000000E+05
        0.580030322074890136718750000000   -1.866581406250000000000000000000E+05
        0.590030312538146972656250000000   -2.241986718750000000000000000000E+05
        0.600030303001403808593750000000   -2.616949218750000000000000000000E+05
        0.610030293464660644531250000000   -2.991407500000000000000000000000E+05
        0.620030283927917480468750000000   -3.365303750000000000000000000000E+05
        0.630030274391174316406250000000   -3.738584375000000000000000000000E+05
        0.640030264854431152343750000000   -4.111200625000000000000000000000E+05
        0.650030255317687988281250000000   -4.483107500000000000000000000000E+05
        0.660030245780944824218750000000   -4.854263750000000000000000000000E+05
        0.670030236244201660156250000000   -5.224633750000000000000000000000E+05
        0.680030226707458496093750000000   -5.594185625000000000000000000000E+05
        0.690030217170715332031250000000   -5.962892500000000000000000000000E+05
        0.700030207633972167968750000000   -6.330731875000000000000000000000E+05
        0.710030198097229003906250000000   -6.697685000000000000000000000000E+05
        0.720030188560485839843750000000   -7.063739375000000000000000000000E+05
        0.730030179023742675781250000000   -7.428886250000000000000000000000E+05
        0.740030169486999511718750000000   -7.793123125000000000000000000000E+05
        0.750030159950256347656250000000   -8.156451250000000000000000000000E+05
        0.760030150413513183593750000000   -8.518878125000000000000000000000E+05
        0.770030140876770019531250000000   -8.880415000000000000000000000000E+05
        0.780030131340026855468750000000   -9.241079375000000000000000000000E+05
        0.790030121803283691406250000000   -9.600895000000000000000000000000E+05
        0.800030112266540527343750000000   -9.959889375000000000000000000000E+05
        0.810030102729797363281250000000   -1.031809500000000000000000000000E+06
        0.820030093193054199218750000000   -1.067555250000000000000000000000E+06
        0.830030083656311035156250000000   -1.103230500000000000000000000000E+06
        0.840030074119567871093750000000   -1.138840250000000000000000000000E+06
        0.850030064582824707031250000000   -1.174390250000000000000000000000E+06
        0.860030055046081542968750000000   -1.209886500000000000000000000000E+06
        0.870030045509338378906250000000   -1.245335750000000000000000000000E+06
        0.880030035972595214843750000000   -1.280745250000000000000000000000E+06
        0.890030026435852050781250000000   -1.316123000000000000000000000000E+06
        0.900030016899108886718750000000   -1.351477750000000000000000000000E+06
        0.910030007362365722656250000000   -1.386818500000000000000000000000E+06
        0.920029997825622558593750000000   -1.422155000000000000000000000000E+06
        0.930029988288879394531250000000   -1.457497500000000000000000000000E+06
        0.940029978752136230468750000000   -1.492857250000000000000000000000E+06
        0.950029969215393066406250000000   -1.528245750000000000000000000000E+06
        0.960029959678649902343750000000   -1.563675750000000000000000000000E+06
        0.970029950141906738281250000000   -1.599160250000000000000000000000E+06
        0.980029940605163574218750000000   -1.634713000000000000000000000000E+06
        0.990029931068420410156250000000   -1.670348500000000000000000000000E+06
        1.000029921531677246093750000000   -1.706081500000000000000000000000E+06
        1.010029911994934082031250000000   -1.741928000000000000000000000000E+06
        1.020029902458190917968750000000   -1.777904500000000000000000000000E+06
        1.030029892921447753906250000000   -1.814028000000000000000000000000E+06
        1.040029883384704589843750000000   -1.850316750000000000000000000000E+06
        1.050029873847961425781250000000   -1.886789500000000000000000000000E+06
        1.060029864311218261718750000000   -1.923465500000000000000000000000E+06
        1.070029854774475097656250000000   -1.960365250000000000000000000000E+06
        1.080029845237731933593750000000   -1.997510000000000000000000000000E+06
        1.090029835700988769531250000000   -2.034922000000000000000000000000E+06
        1.100029826164245605468750000000   -2.072623750000000000000000000000E+06
        1.110029816627502441406250000000   -2.110638750000000000000000000000E+06
        1.120029807090759277343750000000   -2.148991750000000000000000000000E+06
        1.130029797554016113281250000000   -2.187708750000000000000000000000E+06
        1.140029788017272949218750000000   -2.226815750000000000000000000000E+06
        1.150029778480529785156250000000   -2.266340250000000000000000000000E+06
        1.160029768943786621093750000000   -2.306310750000000000000000000000E+06
        1.170029759407043457031250000000   -2.346756250000000000000000000000E+06
        1.180029749870300292968750000000   -2.387706750000000000000000000000E+06
        1.190029740333557128906250000000   -2.429194250000000000000000000000E+06
        1.200029730796813964843750000000   -2.471251250000000000000000000000E+06
        1.210029721260070800781250000000   -2.513911750000000000000000000000E+06
        1.220029711723327636718750000000   -2.557209750000000000000000000000E+06
        1.230029702186584472656250000000   -2.601182250000000000000000000000E+06
        1.240029692649841308593750000000   -2.645866250000000000000000000000E+06
        1.250029683113098144531250000000   -2.691300250000000000000000000000E+06
        1.260029673576354980468750000000   -2.737524250000000000000000000000E+06
        1.270029664039611816406250000000   -2.784579250000000000000000000000E+06
        1.280029654502868652343750000000   -2.832507750000000000000000000000E+06
        1.290029644966125488281250000000   -2.881354250000000000000000000000E+06
        1.300029635429382324218750000000   -2.931164750000000000000000000000E+06
        1.310029625892639160156250000000   -2.981985750000000000000000000000E+06
        1.320029616355895996093750000000   -3.033866750000000000000000000000E+06
        1.330029606819152832031250000000   -3.086858250000000000000000000000E+06
        1.340029597282409667968750000000   -3.141012750000000000000000000000E+06
        1.350029587745666503906250000000   -3.196384250000000000000000000000E+06
        1.360029578208923339843750000000   -3.253028250000000000000000000000E+06
        1.370029568672180175781250000000   -3.311003250000000000000000000000E+06
        1.380029559135437011718750000000   -3.370369250000000000000000000000E+06
        1.390029549598693847656250000000   -3.431188750000000000000000000000E+06
        1.400029540061950683593750000000   -3.493526750000000000000000000000E+06
        1.410029530525207519531250000000   -3.557449750000000000000000000000E+06
        1.420029520988464355468750000000   -3.623026750000000000000000000000E+06
        1.430029511451721191406250000000   -3.690329750000000000000000000000E+06
        1.440029501914978027343750000000   -3.759432750000000000000000000000E+06
        1.450029492378234863281250000000   -3.830413750000000000000000000000E+06
        1.460029482841491699218750000000   -3.903352750000000000000000000000E+06
        1.470029473304748535156250000000   -3.978332750000000000000000000000E+06
        1.480029463768005371093750000000   -4.055439250000000000000000000000E+06
        1.490029454231262207031250000000   -4.134761750000000000000000000000E+06
        1.500029444694519042968750000000   -4.216393000000000000000000000000E+06
        1.510029435157775878906250000000   -4.300430000000000000000000000000E+06
        1.520029425621032714843750000000   -4.386973000000000000000000000000E+06
        1.530029416084289550781250000000   -4.476126000000000000000000000000E+06
        1.540029406547546386718750000000   -4.567996000000000000000000000000E+06
        1.550029397010803222656250000000   -4.662695000000000000000000000000E+06
        1.560029387474060058593750000000   -4.760340000000000000000000000000E+06
        1.570029377937316894531250000000   -4.861053000000000000000000000000E+06
        1.580029368400573730468750000000   -4.964960000000000000000000000000E+06
        1.590029358863830566406250000000   -5.072192000000000000000000000000E+06
        1.600029349327087402343750000000   -5.182885000000000000000000000000E+06
        1.610029339790344238281250000000   -5.297181000000000000000000000000E+06
        1.620029330253601074218750000000   -5.415228000000000000000000000000E+06
        1.630029320716857910156250000000   -5.537181000000000000000000000000E+06
        1.640029311180114746093750000000   -5.663200000000000000000000000000E+06
        1.650029301643371582031250000000   -5.793452000000000000000000000000E+06
        1.660029292106628417968750000000   -5.928112000000000000000000000000E+06
        1.670029282569885253906250000000   -6.067360000000000000000000000000E+06
        1.680029273033142089843750000000   -6.211386000000000000000000000000E+06
        1.690029263496398925781250000000   -6.360386000000000000000000000000E+06
        1.700029253959655761718750000000   -6.514566000000000000000000000000E+06
        1.710029244422912597656250000000   -6.674140000000000000000000000000E+06
        1.720029234886169433593750000000   -6.839333000000000000000000000000E+06
        1.730029225349426269531250000000   -7.010378000000000000000000000000E+06
        1.740029215812683105468750000000   -7.187519000000000000000000000000E+06
        1.750029206275939941406250000000   -7.371009000000000000000000000000E+06
        1.760029196739196777343750000000   -7.561114000000000000000000000000E+06
        1.770029187202453613281250000000   -7.758113000000000000000000000000E+06
        1.780029177665710449218750000000   -7.962294000000000000000000000000E+06
        1.790029168128967285156250000000   -8.173960000000000000000000000000E+06
        1.800029158592224121093750000000   -8.393427000000000000000000000000E+06
        1.810029149055480957031250000000   -8.621026000000000000000000000000E+06
        1.820029139518737792968750000000   -8.857103000000000000000000000000E+06
        1.830029129981994628906250000000   -9.102020000000000000000000000000E+06
        1.840029120445251464843750000000   -9.356155000000000000000000000000E+06
        1.850029110908508300781250000000   -9.619902000000000000000000000000E+06
        1.860029101371765136718750000000   -9.893677000000000000000000000000E+06
        1.870029091835021972656250000000   -1.017791200000000000000000000000E+07
        1.880029082298278808593750000000   -1.047305900000000000000000000000E+07
        1.890029072761535644531250000000   -1.077959200000000000000000000000E+07
        1.900029063224792480468750000000   -1.109800900000000000000000000000E+07
        1.910029053688049316406250000000   -1.142883000000000000000000000000E+07
        1.920029044151306152343750000000   -1.177259900000000000000000000000E+07
        1.930029034614562988281250000000   -1.212988800000000000000000000000E+07
        1.940029025077819824218750000000   -1.250129500000000000000000000000E+07
        1.950029015541076660156250000000   -1.288744600000000000000000000000E+07
        1.960029006004333496093750000000   -1.328899900000000000000000000000E+07
        1.970028996467590332031250000000   -1.370664000000000000000000000000E+07
        1.980028986930847167968750000000   -1.414109500000000000000000000000E+07
        1.990028977394104003906250000000   -1.459311800000000000000000000000E+07
        2.000029087066650390625000000000   -1.506350500000000000000000000000E+07
        2.010029077529907226562500000000   -1.555309200000000000000000000000E+07
        2.020029067993164062500000000000   -1.606275100000000000000000000000E+07
        2.030029058456420898437500000000   -1.659340000000000000000000000000E+07
        2.040029048919677734375000000000   -1.714600000000000000000000000000E+07
        2.050029039382934570312500000000   -1.772156400000000000000000000000E+07
        2.060029029846191406250000000000   -1.832115600000000000000000000000E+07
        2.070029020309448242187500000000   -1.894589200000000000000000000000E+07
        2.080029010772705078125000000000   -1.959694400000000000000000000000E+07
        2.090029001235961914062500000000   -2.027554400000000000000000000000E+07
        2.100028991699218750000000000000   -2.098298400000000000000000000000E+07
        2.110028982162475585937500000000   -2.172062400000000000000000000000E+07
        2.120028972625732421875000000000   -2.248989600000000000000000000000E+07
        2.130028963088989257812500000000   -2.329230000000000000000000000000E+07
        2.140028953552246093750000000000   -2.412941600000000000000000000000E+07
        2.150028944015502929687500000000   -2.500290800000000000000000000000E+07
        2.160028934478759765625000000000   -2.591452000000000000000000000000E+07
        2.170028924942016601562500000000   -2.686609600000000000000000000000E+07
        2.180028915405273437500000000000   -2.785956800000000000000000000000E+07
        2.190028905868530273437500000000   -2.889697200000000000000000000000E+07
        2.200028896331787109375000000000   -2.998045200000000000000000000000E+07
        2.210028886795043945312500000000   -3.111226800000000000000000000000E+07
        2.220028877258300781250000000000   -3.229479200000000000000000000000E+07
        2.230028867721557617187500000000   -3.353052800000000000000000000000E+07
        2.240028858184814453125000000000   -3.482211200000000000000000000000E+07
        2.250028848648071289062500000000   -3.617232000000000000000000000000E+07
        2.260028839111328125000000000000   -3.758408000000000000000000000000E+07
        2.270028829574584960937500000000   -3.906047200000000000000000000000E+07
        2.280028820037841796875000000000   -4.060474400000000000000000000000E+07
        2.290028810501098632812500000000   -4.222032800000000000000000000000E+07
        2.300028800964355468750000000000   -4.391083200000000000000000000000E+07
        2.310028791427612304687500000000   -4.568006400000000000000000000000E+07
        2.320028781890869140625000000000   -4.753204800000000000000000000000E+07
        2.330028772354125976562500000000   -4.947102400000000000000000000000E+07
        2.340028762817382812500000000000   -5.150145600000000000000000000000E+07
        2.350028753280639648437500000000   -5.362807200000000000000000000000E+07
        2.360028743743896484375000000000   -5.585584800000000000000000000000E+07
        2.370028734207153320312500000000   -5.819004000000000000000000000000E+07
        2.380028724670410156250000000000   -6.063620800000000000000000000000E+07
        2.390028715133666992187500000000   -6.320021600000000000000000000000E+07
        2.400028705596923828125000000000   -6.588824800000000000000000000000E+07
        2.410028696060180664062500000000   -6.870685600000000000000000000000E+07
        2.420028686523437500000000000000   -7.166295200000000000000000000000E+07
        2.430028676986694335937500000000   -7.476383200000000000000000000000E+07
        2.440028667449951171875000000000   -7.801722400000000000000000000000E+07
        2.450028657913208007812500000000   -8.143128800000000000000000000000E+07
        2.460028648376464843750000000000   -8.501464800000000000000000000000E+07
        2.470028638839721679687500000000   -8.877644000000000000000000000000E+07
        2.480028629302978515625000000000   -9.272631200000000000000000000000E+07
        2.490028619766235351562500000000   -9.687448800000000000000000000000E+07
        2.500028610229492187500000000000   -1.012317520000000000000000000000E+08
        2.510028600692749023437500000000   -1.058095440000000000000000000000E+08
        2.520028591156005859375000000000   -1.106199760000000000000000000000E+08
        2.530028581619262695312500000000   -1.156758480000000000000000000000E+08
        2.540028572082519531250000000000   -1.209907120000000000000000000000E+08
        2.550028562545776367187500000000   -1.265789520000000000000000000000E+08
        2.560028553009033203125000000000   -1.324557840000000000000000000000E+08
        2.570028543472290039062500000000   -1.386373440000000000000000000000E+08
        2.580028533935546875000000000000   -1.451407040000000000000000000000E+08
        2.590028524398803710937500000000   -1.519839360000000000000000000000E+08
        2.600028514862060546875000000000   -1.591862400000000000000000000000E+08
        2.610028505325317382812500000000   -1.667679360000000000000000000000E+08
        2.620028495788574218750000000000   -1.747505920000000000000000000000E+08
        2.630028486251831054687500000000   -1.831570560000000000000000000000E+08
        2.640028476715087890625000000000   -1.920115840000000000000000000000E+08
        2.650028467178344726562500000000   -2.013398720000000000000000000000E+08
        2.660028457641601562500000000000   -2.111692160000000000000000000000E+08
        2.670028448104858398437500000000   -2.215286080000000000000000000000E+08
        2.680028438568115234375000000000   -2.324488000000000000000000000000E+08
        2.690028429031372070312500000000   -2.439624320000000000000000000000E+08
        2.700028419494628906250000000000   -2.561041280000000000000000000000E+08
        2.710028409957885742187500000000   -2.689107200000000000000000000000E+08
        2.720028400421142578125000000000   -2.824212480000000000000000000000E+08
        2.730028390884399414062500000000   -2.966772480000000000000000000000E+08
        2.740028381347656250000000000000   -3.117228160000000000000000000000E+08
        2.750028371810913085937500000000   -3.276048640000000000000000000000E+08
        2.760028362274169921875000000000   -3.443732480000000000000000000000E+08
        2.770028352737426757812500000000   -3.620808960000000000000000000000E+08
        2.780028343200683593750000000000   -3.807842560000000000000000000000E+08
        2.790028333663940429687500000000   -4.005431680000000000000000000000E+08
        2.800028324127197265625000000000   -4.214213760000000000000000000000E+08
        2.810028314590454101562500000000   -4.434867200000000000000000000000E+08
        2.820028305053710937500000000000   -4.668112640000000000000000000000E+08
        2.830028295516967773437500000000   -4.914718080000000000000000000000E+08
        2.840028285980224609375000000000   -5.175500800000000000000000000000E+08
        2.850028276443481445312500000000   -5.451331200000000000000000000000E+08
        2.860028266906738281250000000000   -5.743136000000000000000000000000E+08
        2.870028257369995117187500000000   -6.051902080000000000000000000000E+08
        2.880028247833251953125000000000   -6.378680320000000000000000000000E+08
        2.890028238296508789062500000000   -6.724590720000000000000000000000E+08
        2.900028228759765625000000000000   -7.090826240000000000000000000000E+08
        2.910028219223022460937500000000   -7.478659200000000000000000000000E+08
        2.920028209686279296875000000000   -7.889443840000000000000000000000E+08
        2.930028200149536132812500000000   -8.324626560000000000000000000000E+08
        2.940028190612792968750000000000   -8.785748480000000000000000000000E+08
        2.950028181076049804687500000000   -9.274453120000000000000000000000E+08
        2.960028171539306640625000000000   -9.792494080000000000000000000000E+08
        2.970028162002563476562500000000   -1.034174272000000000000000000000E+09
        2.980028152465820312500000000000   -1.092419456000000000000000000000E+09
        2.990028142929077148437500000000   -1.154198272000000000000000000000E+09
        3.000028133392333984375000000000   -1.219737984000000000000000000000E+09
        3.010028123855590820312500000000   -1.289281536000000000000000000000E+09
        3.020028114318847656250000000000   -1.363088256000000000000000000000E+09
        3.030028104782104492187500000000   -1.441435392000000000000000000000E+09
        3.040028095245361328125000000000   -1.524618624000000000000000000000E+09
        3.050028085708618164062500000000   -1.612954368000000000000000000000E+09
        3.060028076171875000000000000000   -1.706780544000000000000000000000E+09
        3.070028066635131835937500000000   -1.806458368000000000000000000000E+09
        3.080028057098388671875000000000   -1.912373888000000000000000000000E+09
        3.090028047561645507812500000000   -2.024940288000000000000000000000E+09
        3.100028038024902343750000000000   -2.144598656000000000000000000000E+09
        3.110028028488159179687500000000   -2.271822080000000000000000000000E+09
        3.120028018951416015625000000000   -2.407115776000000000000000000000E+09
        3.130028009414672851562500000000   -2.551020288000000000000000000000E+09
        3.140027999877929687500000000000   -2.704114176000000000000000000000E+09
        3.150027990341186523437500000000   -2.867017472000000000000000000000E+09
        3.160027980804443359375000000000   -3.040393216000000000000000000000E+09
        3.170027971267700195312500000000   -3.224951552000000000000000000000E+09
        3.180027961730957031250000000000   -3.421452800000000000000000000000E+09
        3.190027952194213867187500000000   -3.630712064000000000000000000000E+09
        3.200027942657470703125000000000   -3.853602304000000000000000000000E+09
        3.210027933120727539062500000000   -4.091059456000000000000000000000E+09
        3.220027923583984375000000000000   -4.344086528000000000000000000000E+09
        3.230027914047241210937500000000   -4.613758976000000000000000000000E+09
        3.240027904510498046875000000000   -4.901229568000000000000000000000E+09
        3.250027894973754882812500000000   -5.207733248000000000000000000000E+09
        3.260027885437011718750000000000   -5.534597120000000000000000000000E+09
        3.270027875900268554687500000000   -5.883242496000000000000000000000E+09
        3.280027866363525390625000000000   -6.255196160000000000000000000000E+09
        3.290027856826782226562500000000   -6.652095488000000000000000000000E+09
        3.300027847290039062500000000000   -7.075699712000000000000000000000E+09
        3.310027837753295898437500000000   -7.527896064000000000000000000000E+09
        3.320027828216552734375000000000   -8.010711040000000000000000000000E+09
        3.330027818679809570312500000000   -8.526322688000000000000000000000E+09
        3.340027809143066406250000000000   -9.077069824000000000000000000000E+09
        3.350027799606323242187500000000   -9.665465344000000000000000000000E+09
        3.360027790069580078125000000000   -1.029420646400000000000000000000E+10
        3.370027780532836914062500000000   -1.096619520000000000000000000000E+10
        3.380027770996093750000000000000   -1.168455270400000000000000000000E+10
        3.390027761459350585937500000000   -1.245263155200000000000000000000E+10
        3.400027751922607421875000000000   -1.327403827200000000000000000000E+10
        3.410027742385864257812500000000   -1.415265177600000000000000000000E+10
        3.420027732849121093750000000000   -1.509264588800000000000000000000E+10
        3.430027723312377929687500000000   -1.609851187200000000000000000000E+10
        3.440027713775634765625000000000   -1.717508096000000000000000000000E+10
        3.450027704238891601562500000000   -1.832755609600000000000000000000E+10
        3.460027694702148437500000000000   -1.956153753600000000000000000000E+10
        3.470027685165405273437500000000   -2.088305459200000000000000000000E+10
        3.480027675628662109375000000000   -2.229859942400000000000000000000E+10
        3.490027666091918945312500000000   -2.381516800000000000000000000000E+10
        3.500027656555175781250000000000   -2.544030105600000000000000000000E+10
        3.510027647018432617187500000000   -2.718211686400000000000000000000E+10
        3.520027637481689453125000000000   -2.904936857600000000000000000000E+10
        3.530027627944946289062500000000   -3.105148928000000000000000000000E+10
        3.540027618408203125000000000000   -3.319865344000000000000000000000E+10
        3.550027608871459960937500000000   -3.550183424000000000000000000000E+10
        3.560027599334716796875000000000   -3.797286092800000000000000000000E+10
        3.570027589797973632812500000000   -4.062450483200000000000000000000E+10
        3.580027580261230468750000000000   -4.347053670400000000000000000000E+10
        3.590027570724487304687500000000   -4.652582502400000000000000000000E+10
        3.600027561187744140625000000000   -4.980641792000000000000000000000E+10
        3.610027551651000976562500000000   -5.332963328000000000000000000000E+10
        3.620027542114257812500000000000   -5.711417344000000000000000000000E+10
        3.630027532577514648437500000000   -6.118024806400000000000000000000E+10
        3.640027523040771484375000000000   -6.554968064000000000000000000000E+10
        3.650027513504028320312500000000   -7.024603955200000000000000000000E+10
        3.660027503967285156250000000000   -7.529480192000000000000000000000E+10
        3.670027494430541992187500000000   -8.072350924800000000000000000000E+10
        3.680027484893798828125000000000   -8.656193126400000000000000000000E+10
        3.690027475357055664062500000000   -9.284224614400000000000000000000E+10
        3.700027465820312500000000000000   -9.959926988800000000000000000000E+10
        3.710027456283569335937500000000   -1.068706365440000000000000000000E+11
        3.720027446746826171875000000000   -1.146970767360000000000000000000E+11
        3.730027437210083007812500000000   -1.231226634240000000000000000000E+11
        3.740027427673339843750000000000   -1.321950740480000000000000000000E+11
        3.750027418136596679687500000000   -1.419659509760000000000000000000E+11
        3.760027408599853515625000000000   -1.524911800320000000000000000000E+11
        3.770027399063110351562500000000   -1.638312837120000000000000000000E+11
        3.780027389526367187500000000000   -1.760517980160000000000000000000E+11
        3.790027379989624023437500000000   -1.892237312000000000000000000000E+11
        3.800027370452880859375000000000   -2.034239897600000000000000000000E+11
        3.810027360916137695312500000000   -2.187359682560000000000000000000E+11
        3.820027351379394531250000000000   -2.352500080640000000000000000000E+11
        3.830027341842651367187500000000   -2.530640527360000000000000000000E+11
        3.840027332305908203125000000000   -2.722843361280000000000000000000E+11
        3.850027322769165039062500000000   -2.930260377600000000000000000000E+11
        3.860027313232421875000000000000   -3.154140856320000000000000000000E+11
        3.870027303695678710937500000000   -3.395839918080000000000000000000E+11
        3.880027294158935546875000000000   -3.656828190720000000000000000000E+11
        3.890027284622192382812500000000   -3.938701475840000000000000000000E+11
        3.900027275085449218750000000000   -4.243193200640000000000000000000E+11
        3.910027265548706054687500000000   -4.572184248320000000000000000000E+11
        3.920027256011962890625000000000   -4.927716720640000000000000000000E+11
        3.930027246475219726562500000000   -5.312009666560000000000000000000E+11
        3.940027236938476562500000000000   -5.727473500160000000000000000000E+11
        3.950027227401733398437500000000   -6.176726056960000000000000000000E+11
        3.960027217864990234375000000000   -6.662613237760000000000000000000E+11
        3.970027208328247070312500000000   -7.188228341760000000000000000000E+11
        3.980027198791503906250000000000   -7.756933365760000000000000000000E+11
        3.990027189254760742187500000000   -8.372385218560000000000000000000E+11
        4.000027179718017578125000000000   -9.038560624640000000000000000000E+11
        4.010027408599853515625000000000   -9.759786270720000000000000000000E+11
        4.020027637481689453125000000000   -1.054076764160000000000000000000E+12
        4.030027866363525390625000000000   -1.138662572032000000000000000000E+12
        4.040028095245361328125000000000   -1.230293434368000000000000000000E+12
        4.050028324127197265625000000000   -1.329576017920000000000000000000E+12
        4.060028553009033203125000000000   -1.437171187712000000000000000000E+12
        4.070028781890869140625000000000   -1.553798266880000000000000000000E+12
        4.080029010772705078125000000000   -1.680240803840000000000000000000E+12
        4.090029239654541015625000000000   -1.817352601600000000000000000000E+12
        4.100029468536376953125000000000   -1.966063484928000000000000000000E+12
        4.110029697418212890625000000000   -2.127387426816000000000000000000E+12
        4.120029926300048828125000000000   -2.302429364224000000000000000000E+12
        4.130030155181884765625000000000   -2.492393586688000000000000000000E+12
        4.140030384063720703125000000000   -2.698593959936000000000000000000E+12
        4.150030612945556640625000000000   -2.922463363072000000000000000000E+12
        4.160030841827392578125000000000   -3.165565222912000000000000000000E+12
        4.170031070709228515625000000000   -3.429603999744000000000000000000E+12
        4.180031299591064453125000000000   -3.716440391680000000000000000000E+12
        4.190031528472900390625000000000   -4.028106014720000000000000000000E+12
        4.200031757354736328125000000000   -4.366818607104000000000000000000E+12
        4.210031986236572265625000000000   -4.734999068672000000000000000000E+12
        4.220032215118408203125000000000   -5.135290859520000000000000000000E+12
        4.230032444000244140625000000000   -5.570583068672000000000000000000E+12
        4.240032672882080078125000000000   -6.044030861312000000000000000000E+12
        4.250032901763916015625000000000   -6.559083003904000000000000000000E+12
        4.260033130645751953125000000000   -7.119507030016000000000000000000E+12
        4.270033359527587890625000000000   -7.729422794752000000000000000000E+12
        4.280033588409423828125000000000   -8.393336029184000000000000000000E+12
        4.290033817291259765625000000000   -9.116172943360000000000000000000E+12
        4.300034046173095703125000000000   -9.903321120768000000000000000000E+12
        4.310034275054931640625000000000   -1.076067355852800000000000000000E+13
        4.320034503936767578125000000000   -1.169467899904000000000000000000E+13
        4.330034732818603515625000000000   -1.271239645593600000000000000000E+13
        4.340034961700439453125000000000   -1.382155183718400000000000000000E+13
        4.350035190582275390625000000000   -1.503060085964800000000000000000E+13
        4.360035419464111328125000000000   -1.634880874086400000000000000000E+13
        4.370035648345947265625000000000   -1.778631940505600000000000000000E+13
        4.380035877227783203125000000000   -1.935424251494400000000000000000E+13
        4.390036106109619140625000000000   -2.106475518361600000000000000000E+13
        4.400036334991455078125000000000   -2.293119949209600000000000000000E+13
        4.410036563873291015625000000000   -2.496820097843200000000000000000E+13
        4.420036792755126953125000000000   -2.719179027251200000000000000000E+13
        4.430037021636962890625000000000   -2.961954989670400000000000000000E+13
        4.440037250518798828125000000000   -3.227076106649600000000000000000E+13
        4.450037479400634765625000000000   -3.516657146265600000000000000000E+13
        4.460037708282470703125000000000   -3.833017978060800000000000000000E+13
        4.470037937164306640625000000000   -4.178704544563200000000000000000E+13
        4.480038166046142578125000000000   -4.556511091097600000000000000000E+13
        4.490038394927978515625000000000   -4.969506170470400000000000000000E+13
        4.500038623809814453125000000000   -5.421057808793600000000000000000E+13
        4.510038852691650390625000000000   -5.914864543334400000000000000000E+13
        4.520039081573486328125000000000   -6.454988138086400000000000000000E+13
        4.530039310455322265625000000000   -7.045892171366400000000000000000E+13
        4.540039539337158203125000000000   -7.692479365120000000000000000000E+13
        4.550039768218994140625000000000   -8.400142336000000000000000000000E+13
        4.560039997100830078125000000000   -9.174805118976000000000000000000E+13
        4.570040225982666015625000000000   -1.002298062929920000000000000000E+14
        4.580040454864501953125000000000   -1.095183106048000000000000000000E+14
        4.590040683746337890625000000000   -1.196923499315200000000000000000E+14
        4.600040912628173828125000000000   -1.308385785937920000000000000000E+14
        4.610041141510009765625000000000   -1.430523750645760000000000000000E+14
        4.620041370391845703125000000000   -1.564386640527360000000000000000E+14
        4.630041599273681640625000000000   -1.711129734676480000000000000000E+14
        4.640041828155517578125000000000   -1.872024746065920000000000000000E+14
        4.650042057037353515625000000000   -2.048471565598720000000000000000E+14
        4.660042285919189453125000000000   -2.242012690513920000000000000000E+14
        4.670042514801025390625000000000   -2.454346646159360000000000000000E+14
        4.680042743682861328125000000000   -2.687345098752000000000000000000E+14
        4.690042972564697265625000000000   -2.943070303682560000000000000000E+14
        4.700043201446533203125000000000   -3.223795741491200000000000000000E+14
        4.710043430328369140625000000000   -3.532027760476160000000000000000E+14
        4.720043659210205078125000000000   -3.870529232568320000000000000000E+14
        4.730043888092041015625000000000   -4.242346900193280000000000000000E+14
        4.740044116973876953125000000000   -4.650842246348800000000000000000E+14
        4.750044345855712890625000000000   -5.099723706859520000000000000000E+14
        4.760044574737548828125000000000   -5.593082909163520000000000000000E+14
        4.770044803619384765625000000000   -6.135435944263680000000000000000E+14
        4.780045032501220703125000000000   -6.731767323033600000000000000000E+14
        4.790045261383056640625000000000   -7.387582656675840000000000000000E+14
        4.800045490264892578125000000000   -8.108960666091520000000000000000E+14
        4.810045719146728515625000000000   -8.902613579857920000000000000000E+14
        4.820045948028564453125000000000   -9.775956927447040000000000000000E+14
        4.830046176910400390625000000000   -1.073718604333056000000000000000E+15
        4.840046405792236328125000000000   -1.179535995305984000000000000000E+15
        4.850046634674072265625000000000   -1.296048928587776000000000000000E+15
        4.860046863555908203125000000000   -1.424364163563520000000000000000E+15
        4.870047092437744140625000000000   -1.565705497477120000000000000000E+15
        4.880047321319580078125000000000   -1.721426918768640000000000000000E+15
        4.890047550201416015625000000000   -1.893025760411648000000000000000E+15
        4.900047779083251953125000000000   -2.082158806040576000000000000000E+15
        4.910048007965087890625000000000   -2.290660140908544000000000000000E+15
        4.920048236846923828125000000000   -2.520559002845184000000000000000E+15
        4.930048465728759765625000000000   -2.774102196617216000000000000000E+15
        4.940048694610595703125000000000   -3.053777045159936000000000000000E+15
        4.950048923492431640625000000000   -3.362339306864640000000000000000E+15
        4.960049152374267578125000000000   -3.702841629736960000000000000000E+15
        4.970049381256103515625000000000   -4.078664689909760000000000000000E+15
        4.980049610137939453125000000000   -4.493555846348800000000000000000E+15
        4.990049839019775390625000000000   -4.951668332429312000000000000000E+15
        5.000050067901611328125000000000   -5.457606353092608000000000000000E+15
        5.010050296783447265625000000000   -6.016475550711808000000000000000E+15
        5.020050525665283203125000000000   -6.633937765924864000000000000000E+15
        5.030050754547119140625000000000   -7.316273314660352000000000000000E+15
        5.040050983428955078125000000000   -8.070449707614208000000000000000E+15
        5.050051212310791015625000000000   -8.904196812177408000000000000000E+15
        5.060051441192626953125000000000   -9.826095973007360000000000000000E+15
        5.070051670074462890625000000000   -1.084567289069568000000000000000E+16
        5.080051898956298828125000000000   -1.197350231159603200000000000000E+16
        5.090052127838134765625000000000   -1.322132882377932800000000000000E+16
        5.100052356719970703125000000000   -1.460219839040716800000000000000E+16
        5.110052585601806640625000000000   -1.613060008365260800000000000000E+16
        5.120052814483642578125000000000   -1.782263788339200000000000000000E+16
        5.130053043365478515625000000000   -1.969620677086412800000000000000E+16
        5.140053272247314453125000000000   -2.177119781335859200000000000000E+16
        5.150053501129150390625000000000   -2.406972901870796800000000000000E+16
        5.160053730010986328125000000000   -2.661638907468185600000000000000E+16
        5.170053958892822265625000000000   -2.943853692295577600000000000000E+16
        5.180054187774658203125000000000   -3.256659381688729600000000000000E+16
        5.190054416656494140625000000000   -3.603441483618713600000000000000E+16
        5.200054645538330078125000000000   -3.987968617139404800000000000000E+16
        5.210054874420166015625000000000   -4.414433529325158400000000000000E+16
        5.220055103302001953125000000000   -4.887505708620185600000000000000E+16
        5.230055332183837890625000000000   -5.412384642433024000000000000000E+16
        5.240055561065673828125000000000   -5.994859946678681600000000000000E+16
        5.250055789947509765625000000000   -6.641381803242291200000000000000E+16
        5.260056018829345703125000000000   -7.359137839893708800000000000000E+16
        5.270056247711181640625000000000   -8.156134305169408000000000000000E+16
        5.280056476593017578125000000000   -9.041297859097395200000000000000E+16
        5.290056705474853515625000000000   -1.002458079989596160000000000000E+17
        5.300056934356689453125000000000   -1.111707616909721600000000000000E+17
        5.310057163238525390625000000000   -1.233115862647439360000000000000E+17
        5.320057392120361328125000000000   -1.368063219691683840000000000000E+17
        5.330057621002197265625000000000   -1.518089519717416960000000000000E+17
        5.340057849884033203125000000000   -1.684913608636497920000000000000E+17
        5.350058078765869140625000000000   -1.870453103447244800000000000000E+17
        5.360058307647705078125000000000   -2.076849303044751360000000000000E+17
        5.370058536529541015625000000000   -2.306492614427279360000000000000E+17
        5.380058765411376953125000000000   -2.562052789266022400000000000000E+17
        5.390058994293212890625000000000   -2.846511909253939200000000000000E+17
        5.400059223175048828125000000000   -3.163201494623191040000000000000E+17
        5.410059452056884765625000000000   -3.515843735831183360000000000000E+17
        5.420059680938720703125000000000   -3.908598909999513600000000000000E+17
        5.430059909820556640625000000000   -4.346117951313674240000000000000E+17
        5.440060138702392578125000000000   -4.833600175383511040000000000000E+17
        5.450060367584228515625000000000   -5.376860624330424320000000000000E+17
        5.460060596466064453125000000000   -5.982402909432709120000000000000E+17
        5.470060825347900390625000000000   -6.657501674497638400000000000000E+17
        5.480061054229736328125000000000   -7.410298803128893440000000000000E+17
        5.490061283111572265625000000000   -8.249905123552133120000000000000E+17
        5.500061511993408203125000000000   -9.186518606114979840000000000000E+17
