       -5.500000000000000000000000000000    0.000000000000000000000000000000E+00
       -5.400000095367431640625000000000    1.000000011686097423080354928970E-07
       -5.300000190734863281250000000000    3.089440099302009912207722663879E-07
       -5.200000286102294921875000000000    8.414883154728158842772245407104E-07
       -5.100000381469726562500000000000    2.220772103100898675620555877686E-06
       -5.000000476837158203125000000000    5.744967438658932223916053771973E-06
       -4.900000572204589843750000000000    1.459038412576774135231971740723E-05
       -4.800000667572021484375000000000    3.638389171101152896881103515625E-05
       -4.700000762939453125000000000000    8.908334712032228708267211914062E-05
       -4.600000858306884765625000000000    2.141399018000811338424682617188E-04
       -4.500000953674316406250000000000    5.053348722867667675018310546875E-04
       -4.400001049041748046875000000000    1.170599134638905525207519531250E-03
       -4.300001144409179687500000000000    2.661651466041803359985351562500E-03
       -4.200001239776611328125000000000    5.939844995737075805664062500000E-03
       -4.100001335144042968750000000000    1.300908811390399932861328125000E-02
       -4.000001430511474609375000000000    2.795976400375366210937500000000E-02
       -3.900001525878906250000000000000    5.896607041358947753906250000000E-02
       -3.800001621246337890625000000000    1.220169365406036376953125000000E-01
       -3.700001716613769531250000000000    2.477162480354309082031250000000E-01
       -3.600001811981201171875000000000    4.933697879314422607421875000000E-01
       -3.500001907348632812500000000000    9.639212489128112792968750000000E-01
       -3.400002002716064453125000000000    1.847262859344482421875000000000E+00
       -3.300002098083496093750000000000    3.472170591354370117187500000000E+00
       -3.200002193450927734375000000000    6.400672435760498046875000000000E+00
       -3.100002288818359375000000000000    1.157095050811767578125000000000E+01
       -3.000002384185791015625000000000    2.051151275634765625000000000000E+01
       -2.900002479553222656250000000000    3.565148925781250000000000000000E+01
       -2.800002574920654296875000000000    6.075394439697265625000000000000E+01
       -2.700002670288085937500000000000    1.014969329833984375000000000000E+02
       -2.600002765655517578125000000000    1.662176208496093750000000000000E+02
       -2.500002861022949218750000000000    2.668148193359375000000000000000E+02
       -2.400002956390380859375000000000    4.197719421386718750000000000000E+02
       -2.300003051757812500000000000000    6.472136840820312500000000000000E+02
       -2.200003147125244140625000000000    9.778475341796875000000000000000E+02
       -2.100003242492675781250000000000    1.447571044921875000000000000000E+03
       -2.000003337860107421875000000000    2.099458007812500000000000000000E+03
       -1.900003314018249511718750000000    2.982790283203125000000000000000E+03
       -1.800003290176391601562500000000    4.150801269531250000000000000000E+03
       -1.700003266334533691406250000000    5.656855468750000000000000000000E+03
       -1.600003242492675781250000000000    7.548936035156250000000000000000E+03
       -1.500003218650817871093750000000    9.862552734375000000000000000000E+03
       -1.400003194808959960937500000000    1.261249414062500000000000000000E+04
       -1.300003170967102050781250000000    1.578420117187500000000000000000E+04
       -1.200003147125244140625000000000    1.932589648437500000000000000000E+04
       -1.100003123283386230468750000000    2.314279882812500000000000000000E+04
       -1.000003099441528320312500000000    2.709486132812500000000000000000E+04
       -0.900003075599670410156250000000    3.099924414062500000000000000000E+04
       -0.800003051757812500000000000000    3.463828125000000000000000000000E+04
       -0.700003027915954589843750000000    3.777299218750000000000000000000E+04
       -0.600003004074096679687500000000    4.016131250000000000000000000000E+04
       -0.500002980232238769531250000000    4.157933593750000000000000000000E+04
       -0.400002986192703247070312500000    4.184311718750000000000000000000E+04
       -0.300002992153167724609375000000    4.082817968750000000000000000000E+04
       -0.200002998113632202148437500000    3.848387500000000000000000000000E+04
       -0.100002996623516082763671875000    3.484035937500000000000000000000E+04
       -0.000002995133399963378906250000    3.000669531250000000000000000000E+04
        0.099997006356716156005859375000    2.416000390625000000000000000000E+04
        0.199997007846832275390625000000    1.752666406250000000000000000000E+04
        0.299997001886367797851562500000    1.035771093750000000000000000000E+04
        0.399996995925903320312500000000    2.901226562500000000000000000000E+03
        0.499996989965438842773437500000   -4.625352050781250000000000000000E+03
        0.599996984004974365234375000000   -1.206053320312500000000000000000E+04
        0.699997007846832275390625000000   -1.932011132812500000000000000000E+04
        0.799997031688690185546875000000   -2.641430664062500000000000000000E+04
        0.899997055530548095703125000000   -3.346200781250000000000000000000E+04
        0.999997079372406005859375000000   -4.070512500000000000000000000000E+04
        1.099997043609619140625000000000   -4.852787500000000000000000000000E+04
        1.199997067451477050781250000000   -5.748810156250000000000000000000E+04
        1.299997091293334960937500000000   -6.837071093750000000000000000000E+04
        1.399997115135192871093750000000   -8.227802343750000000000000000000E+04
        1.499997138977050781250000000000   -1.007797265625000000000000000000E+05
        1.599997162818908691406250000000   -1.261586015625000000000000000000E+05
        1.699997186660766601562500000000   -1.618117812500000000000000000000E+05
        1.799997210502624511718750000000   -2.129082187500000000000000000000E+05
        1.899997234344482421875000000000   -2.874755625000000000000000000000E+05
        1.999997258186340332031250000000   -3.982186562500000000000000000000E+05
        2.099997282028198242187500000000   -5.656041875000000000000000000000E+05
        2.199997186660766601562500000000   -8.231693750000000000000000000000E+05
        2.299997091293334960937500000000   -1.226797250000000000000000000000E+06
        2.399996995925903320312500000000   -1.871171125000000000000000000000E+06
        2.499996900558471679687500000000   -2.919417500000000000000000000000E+06
        2.599996805191040039062500000000   -4.657345500000000000000000000000E+06
        2.699996709823608398437500000000   -7.594257500000000000000000000000E+06
        2.799996614456176757812500000000   -1.265330200000000000000000000000E+07
        2.899996519088745117187500000000   -2.153667000000000000000000000000E+07
        2.999996423721313476562500000000   -3.743752800000000000000000000000E+07
        3.099996328353881835937500000000   -6.645046400000000000000000000000E+07
        3.199996232986450195312500000000   -1.204115120000000000000000000000E+08
        3.299996137619018554687500000000   -2.227104320000000000000000000000E+08
        3.399996042251586914062500000000   -4.203825920000000000000000000000E+08
        3.499995946884155273437500000000   -8.096815360000000000000000000000E+08
        3.599995851516723632812500000000   -1.591059712000000000000000000000E+09
        3.699995756149291992187500000000   -3.189349376000000000000000000000E+09
        3.799995660781860351562500000000   -6.520854528000000000000000000000E+09
        3.899995565414428710937500000000   -1.359688704000000000000000000000E+10
        3.999995470046997070312500000000   -2.891043840000000000000000000000E+10
        4.099995613098144531250000000000   -6.267574681600000000000000000000E+10
        4.199995517730712890625000000000   -1.385239838720000000000000000000E+11
        4.299995422363281250000000000000   -3.120923607040000000000000000000E+11
        4.399995326995849609375000000000   -7.166835425280000000000000000000E+11
        4.499995231628417968750000000000   -1.677305315328000000000000000000E+12
        4.599995136260986328125000000000   -4.000298303488000000000000000000E+12
        4.699995040893554687500000000000   -9.721297764352000000000000000000E+12
        4.799994945526123046875000000000   -2.406934695116800000000000000000E+13
        4.899994850158691406250000000000   -6.071134244044800000000000000000E+13
        4.999994754791259765625000000000   -1.559906620538880000000000000000E+14
        5.099994659423828125000000000000   -4.082337222492160000000000000000E+14
        5.199994564056396484375000000000   -1.088076143132672000000000000000E+15
        5.299994468688964843750000000000   -2.953309707042816000000000000000E+15
        5.399994373321533203125000000000   -8.162392072519680000000000000000E+15
        5.499994277954101562500000000000   -2.296912217427148800000000000000E+16
        5.599994182586669921875000000000   -6.580363632364748800000000000000E+16
